5 0.46875 0.046232876712328765 0.0625 0.06164383561643835 
5 0.8541666666666666 0.1232876712328767 0.0642361111111111 0.06335616438356165 
5 0.7899305555555556 0.4674657534246575 0.0625 0.06335616438356165 
5 0.9496527777777778 0.5 0.0625 0.06164383561643835 
5 0.5607638888888888 0.7534246575342466 0.0642361111111111 0.06335616438356165 
5 0.6701388888888888 0.7551369863013698 0.0625 0.06335616438356165 
5 0.7916666666666666 0.7431506849315068 0.0642361111111111 0.06164383561643835 
5 0.24131944444444445 0.6455479452054794 0.0642361111111111 0.06335616438356165 
5 0.7013888888888888 0.952054794520548 0.0625 0.06164383561643835 
0 0.8958333333333334 0.4212328767123288 0.024305555555555556 0.0410958904109589 
4 0.3402777777777778 0.20034246575342465 0.06770833333333333 0.017123287671232876 
