5 0.012519561815336464 0.12012987012987013 0.056338028169014086 0.05519480519480519 
5 0.4209702660406886 0.237012987012987 0.057902973395931145 0.060064935064935064 
5 0.4225352112676056 0.4594155844155844 0.056338028169014086 0.05844155844155844 
5 0.6744913928012519 0.40584415584415584 0.056338028169014086 0.05844155844155844 
5 0.7699530516431925 0.5324675324675324 0.057902973395931145 0.060064935064935064 
5 0.7120500782472613 0.8587662337662337 0.056338028169014086 0.060064935064935064 
5 0.8560250391236307 0.8896103896103896 0.056338028169014086 0.05844155844155844 
0 0.8075117370892019 0.814935064935065 0.02190923317683881 0.03896103896103896 
4 0.30672926447574334 0.6055194805194806 0.06103286384976526 0.016233766233766232 
4 0.17214397496087636 0.16233766233766234 0.014084507042253521 0.0633116883116883 
