5 0.4787234042553192 0.04954128440366973 0.06382978723404255 0.06605504587155964 
5 0.8723404255319149 0.13211009174311927 0.06560283687943262 0.06788990825688074 
5 0.8067375886524822 0.5009174311926605 0.06382978723404255 0.06788990825688074 
5 0.9698581560283688 0.5357798165137615 0.06382978723404255 0.06605504587155964 
5 0.5726950354609929 0.8073394495412844 0.06560283687943262 0.06788990825688074 
5 0.6843971631205674 0.8091743119266055 0.06382978723404255 0.06788990825688074 
5 0.8085106382978723 0.7963302752293578 0.06560283687943262 0.06605504587155964 
5 0.24645390070921985 0.691743119266055 0.06560283687943262 0.06788990825688074 
0 0.9148936170212766 0.45137614678899085 0.024822695035460994 0.044036697247706424 
4 0.3475177304964539 0.21467889908256882 0.06914893617021277 0.01834862385321101 
