5 0.7621440536013401 0.02857142857142857 0.06030150753768844 0.06218487394957983 
5 0.916247906197655 0.06050420168067227 0.06030150753768844 0.06050420168067227 
5 0.541038525963149 0.3092436974789916 0.06197654941373534 0.06218487394957983 
5 0.6465661641541038 0.31092436974789917 0.06030150753768844 0.06218487394957983 
5 0.7638190954773869 0.2991596638655462 0.06197654941373534 0.06050420168067227 
5 0.23283082077051925 0.20336134453781513 0.06197654941373534 0.06218487394957983 
5 0.6767169179229481 0.5042016806722689 0.06030150753768844 0.06050420168067227 
5 0.7638190954773869 0.5932773109243697 0.06030150753768844 0.06050420168067227 
5 0.2948073701842546 0.8084033613445378 0.06197654941373534 0.06386554621848739 
2 0.4388609715242881 0.9798319327731092 0.021775544388609715 0.023529411764705882 
0 0.32663316582914576 0.9361344537815126 0.021775544388609715 0.040336134453781515 
