2 0.5213815789473685 0.08771929824561403 0.04111842105263158 0.03987240829346093 
2 0.3371710526315789 0.1722488038277512 0.04111842105263158 0.03987240829346093 
3 0.023026315789473683 0.1722488038277512 0.07894736842105263 0.03987240829346093 
3 0.6776315789473685 0.0861244019138756 0.07894736842105263 0.03987240829346093 
2 0.6200657894736842 0.2567783094098884 0.04111842105263158 0.03987240829346093 
2 0.5164473684210527 0.31100478468899523 0.039473684210526314 0.03987240829346093 
2 0.34375 0.42902711323763953 0.04111842105263158 0.03987240829346093 
2 0.5822368421052632 0.47208931419457734 0.04276315789473684 0.03827751196172249 
3 0.7483552631578947 0.2567783094098884 0.07894736842105263 0.04146730462519936 
3 0.6529605263157895 0.36363636363636365 0.07730263157894737 0.03987240829346093 
3 0.34375 0.33811802232854865 0.04111842105263158 0.07655502392344497 
3 0.7384868421052632 0.4704944178628389 0.07894736842105263 0.03987240829346093 
2 0.5822368421052632 0.5901116427432217 0.04111842105263158 0.03827751196172249 
2 0.5822368421052632 0.7097288676236044 0.04111842105263158 0.03827751196172249 
3 0.7384868421052632 0.5901116427432217 0.07894736842105263 0.03827751196172249 
3 0.7384868421052632 0.7097288676236044 0.0805921052631579 0.03987240829346093 
3 0.26973684210526316 0.7575757575757576 0.07894736842105263 0.03987240829346093 
2 0.09375 0.9792663476874003 0.04111842105263158 0.03987240829346093 
3 0.023026315789473683 0.30303030303030304 0.07730263157894737 0.03987240829346093 
