3 0.43189964157706096 0.07420494699646643 0.08602150537634409 0.04240282685512368 
3 0.43189964157706096 0.20848056537102475 0.08602150537634409 0.044169611307420496 
3 0.43189964157706096 0.3674911660777385 0.08602150537634409 0.044169611307420496 
3 0.43189964157706096 0.5247349823321554 0.08602150537634409 0.044169611307420496 
2 0.016129032258064516 0.598939929328622 0.044802867383512544 0.04240282685512368 
2 0.13799283154121864 0.5971731448763251 0.04659498207885305 0.04240282685512368 
2 0.25627240143369173 0.598939929328622 0.044802867383512544 0.04240282685512368 
2 0.5 0.7314487632508834 0.044802867383512544 0.04240282685512368 
2 0.6415770609318996 0.6837455830388692 0.044802867383512544 0.04240282685512368 
3 0.8100358422939068 0.6837455830388692 0.08422939068100359 0.04063604240282685 
3 0.5 0.8162544169611308 0.04659498207885305 0.08303886925795052 
2 0.8279569892473119 0.8551236749116607 0.043010752688172046 0.04240282685512368 
2 0.7114695340501792 0.9045936395759717 0.044802867383512544 0.04240282685512368 
3 0.7132616487455197 0.9893992932862191 0.044802867383512544 0.08303886925795052 
3 0.996415770609319 0.8551236749116607 0.08422939068100359 0.044169611307420496 
