3 0.251953125 0.494140625 0.05078125 0.091796875 
3 0.970703125 0.08203125 0.09375 0.046875 
3 0.970703125 0.23046875 0.09375 0.048828125 
3 0.970703125 0.40625 0.09375 0.048828125 
3 0.970703125 0.580078125 0.09375 0.048828125 
2 0.251953125 0.66015625 0.05078125 0.046875 
2 0.3828125 0.66015625 0.048828125 0.046875 
2 0.517578125 0.662109375 0.048828125 0.046875 
2 0.650390625 0.66015625 0.05078125 0.046875 
2 0.779296875 0.662109375 0.048828125 0.046875 
2 0.091796875 0.837890625 0.048828125 0.048828125 
3 0.2421875 0.9921875 0.091796875 0.048828125 
