2 0.619140625 0.107421875 0.048828125 0.048828125 
2 0.400390625 0.2109375 0.048828125 0.048828125 
3 0.02734375 0.2109375 0.09375 0.048828125 
3 0.8046875 0.10546875 0.09375 0.048828125 
2 0.736328125 0.314453125 0.048828125 0.048828125 
2 0.61328125 0.380859375 0.046875 0.048828125 
2 0.408203125 0.525390625 0.048828125 0.048828125 
2 0.69140625 0.578125 0.05078125 0.046875 
3 0.888671875 0.314453125 0.09375 0.05078125 
3 0.775390625 0.4453125 0.091796875 0.048828125 
3 0.408203125 0.4140625 0.048828125 0.09375 
3 0.876953125 0.576171875 0.09375 0.048828125 
2 0.69140625 0.72265625 0.048828125 0.046875 
2 0.69140625 0.869140625 0.048828125 0.046875 
3 0.876953125 0.72265625 0.09375 0.046875 
3 0.876953125 0.869140625 0.095703125 0.048828125 
3 0.3203125 0.927734375 0.09375 0.048828125 
3 0.02734375 0.37109375 0.091796875 0.048828125 
