2 0.12951167728237792 0.1193058568329718 0.05307855626326964 0.05422993492407809 
3 0.33121019108280253 0.11713665943600868 0.10191082802547771 0.05422993492407809 
2 0.25690021231422505 0.3492407809110629 0.05307855626326964 0.05422993492407809 
2 0.12314225053078556 0.4229934924078091 0.050955414012738856 0.05422993492407809 
2 0.208067940552017 0.6420824295010846 0.055201698513800426 0.052060737527114966 
3 0.42250530785562634 0.3492407809110629 0.10191082802547771 0.05639913232104121 
3 0.29936305732484075 0.4945770065075922 0.09978768577494693 0.05422993492407809 
3 0.40976645435244163 0.6399132321041214 0.10191082802547771 0.05422993492407809 
2 0.208067940552017 0.8026030368763557 0.05307855626326964 0.052060737527114966 
2 0.208067940552017 0.96529284164859 0.05307855626326964 0.052060737527114966 
3 0.40976645435244163 0.8026030368763557 0.10191082802547771 0.052060737527114966 
3 0.40976645435244163 0.96529284164859 0.1040339702760085 0.05422993492407809 
