2 0.325434439178515 0.1157556270096463 0.03949447077409163 0.03858520900321544 
3 0.022116903633491312 0.11414790996784566 0.07424960505529225 0.04019292604501608 
3 0.16429699842022116 0.19935691318327975 0.04107424960505529 0.07717041800643087 
2 0.5007898894154819 0.36816720257234725 0.03949447077409163 0.03858520900321544 
2 0.5007898894154819 0.5 0.03949447077409163 0.04019292604501608 
2 0.32385466034755134 0.5852090032154341 0.03949447077409163 0.04019292604501608 
3 0.022116903633491312 0.5852090032154341 0.07582938388625593 0.04019292604501608 
3 0.65086887835703 0.3665594855305466 0.07582938388625593 0.04180064308681672 
3 0.65086887835703 0.4983922829581994 0.07582938388625593 0.04019292604501608 
2 0.5955766192733017 0.6704180064308681 0.03949447077409163 0.04019292604501608 
2 0.4960505529225908 0.72508038585209 0.037914691943127965 0.04019292604501608 
2 0.330173775671406 0.8440514469453376 0.03949447077409163 0.04019292604501608 
2 0.5592417061611374 0.887459807073955 0.04107424960505529 0.03858520900321544 
3 0.7187993680884676 0.6704180064308681 0.07582938388625593 0.04180064308681672 
3 0.627172195892575 0.7781350482315113 0.07424960505529225 0.04019292604501608 
3 0.330173775671406 0.752411575562701 0.03949447077409163 0.07717041800643087 
3 0.7093206951026856 0.8858520900321544 0.07582938388625593 0.04019292604501608 
3 0.022116903633491312 0.7170418006430869 0.07424960505529225 0.04019292604501608 
