2 0.042435424354243544 0.28214285714285714 0.046125461254612546 0.04285714285714286 
2 0.1881918819188192 0.23392857142857143 0.046125461254612546 0.04285714285714286 
3 0.36162361623616235 0.23392857142857143 0.08671586715867159 0.04107142857142857 
3 0.042435424354243544 0.3678571428571429 0.04797047970479705 0.08392857142857142 
2 0.3800738007380074 0.40714285714285714 0.04428044280442804 0.04285714285714286 
2 0.26014760147601473 0.45714285714285713 0.046125461254612546 0.04285714285714286 
3 0.26199261992619927 0.5428571428571428 0.046125461254612546 0.08392857142857142 
3 0.5535055350553506 0.40714285714285714 0.08671586715867159 0.044642857142857144 
2 0.25830258302583026 0.7160714285714286 0.046125461254612546 0.044642857142857144 
3 0.35793357933579334 0.7839285714285714 0.046125461254612546 0.08392857142857142 
3 0.5553505535055351 0.7142857142857143 0.08671586715867159 0.04285714285714286 
2 0.544280442804428 0.9321428571428572 0.046125461254612546 0.044642857142857144 
2 0.4280442804428044 0.9767857142857143 0.04428044280442804 0.04285714285714286 
3 0.7214022140221402 0.9321428571428572 0.08671586715867159 0.04285714285714286 
