2 0.3270735524256651 0.6234375 0.03912363067292645 0.0390625 
3 0.3270735524256651 0.725 0.03912363067292645 0.0734375 
2 0.3223787167449139 0.9125 0.03912363067292645 0.0375 
3 0.02190923317683881 0.9109375 0.07355242566510173 0.0390625 
3 0.162754303599374 0.99375 0.0406885758998435 0.075 
2 0.837245696400626 0.3484375 0.03912363067292645 0.0359375 
2 0.838810641627543 0.5125 0.03912363067292645 0.0390625 
2 0.838810641627543 0.7234375 0.03912363067292645 0.0390625 
3 0.9843505477308294 0.3484375 0.07511737089201878 0.0359375 
3 0.9843505477308294 0.5125 0.07511737089201878 0.0390625 
3 0.9843505477308294 0.725 0.07511737089201878 0.0375 
