3 0.8003220611916264 0.0681063122923588 0.07729468599033816 0.04152823920265781 
2 0.20772946859903382 0.1362126245847176 0.04186795491143317 0.03986710963455149 
2 0.31561996779388085 0.1362126245847176 0.040257648953301126 0.03986710963455149 
2 0.42673107890499196 0.1378737541528239 0.040257648953301126 0.03986710963455149 
2 0.5362318840579711 0.1362126245847176 0.04186795491143317 0.03986710963455149 
2 0.642512077294686 0.1378737541528239 0.040257648953301126 0.03986710963455149 
2 0.8615136876006442 0.26245847176079734 0.040257648953301126 0.03986710963455149 
2 0.9887278582930756 0.21760797342192692 0.040257648953301126 0.03986710963455149 
3 0.8615136876006442 0.34219269102990035 0.04186795491143317 0.07807308970099668 
2 0.07568438003220612 0.287375415282392 0.040257648953301126 0.04152823920265781 
3 0.1996779388083736 0.4186046511627907 0.07568438003220612 0.04152823920265781 
3 0.34299516908212563 0.6910299003322259 0.07568438003220612 0.03986710963455149 
2 0.20772946859903382 0.7857142857142857 0.04186795491143317 0.03986710963455149 
2 0.05958132045088567 0.978405315614618 0.040257648953301126 0.03986710963455149 
3 0.20772946859903382 0.978405315614618 0.07890499194847021 0.04152823920265781 
