2 0.6951754385964912 0.12141280353200883 0.05482456140350877 0.05518763796909492 
2 0.44956140350877194 0.23841059602649006 0.05482456140350877 0.05518763796909492 
3 0.03070175438596491 0.23841059602649006 0.10526315789473684 0.05518763796909492 
3 0.9035087719298246 0.11920529801324503 0.10526315789473684 0.05518763796909492 
2 0.8267543859649122 0.3554083885209713 0.05482456140350877 0.05518763796909492 
2 0.6885964912280702 0.4304635761589404 0.05263157894736842 0.05518763796909492 
2 0.4583333333333333 0.5938189845474614 0.05482456140350877 0.05518763796909492 
2 0.7763157894736842 0.6534216335540839 0.05701754385964912 0.052980132450331126 
3 0.9978070175438597 0.3554083885209713 0.10526315789473684 0.05739514348785872 
3 0.8706140350877193 0.5033112582781457 0.10307017543859649 0.05518763796909492 
3 0.4583333333333333 0.46799116997792495 0.05482456140350877 0.10596026490066225 
3 0.9846491228070176 0.6512141280353201 0.10526315789473684 0.05518763796909492 
2 0.7763157894736842 0.8167770419426048 0.05482456140350877 0.052980132450331126 
2 0.7763157894736842 0.9823399558498896 0.05482456140350877 0.052980132450331126 
3 0.9846491228070176 0.8167770419426048 0.10526315789473684 0.052980132450331126 
3 0.9846491228070176 0.9823399558498896 0.1074561403508772 0.05518763796909492 
3 0.03070175438596491 0.4194260485651214 0.10307017543859649 0.05518763796909492 
