3 0.45904761904761904 0.0789980732177264 0.09142857142857143 0.04816955684007707 
2 0.017142857142857144 0.1599229287090559 0.047619047619047616 0.046242774566473986 
2 0.14666666666666667 0.1579961464354528 0.049523809523809526 0.046242774566473986 
2 0.2723809523809524 0.1599229287090559 0.047619047619047616 0.046242774566473986 
2 0.5314285714285715 0.3044315992292871 0.047619047619047616 0.046242774566473986 
2 0.6819047619047619 0.2524084778420039 0.047619047619047616 0.046242774566473986 
3 0.8609523809523809 0.2524084778420039 0.08952380952380952 0.04431599229287091 
3 0.5314285714285715 0.3969171483622351 0.049523809523809526 0.0905587668593449 
2 0.88 0.4393063583815029 0.045714285714285714 0.046242774566473986 
2 0.7561904761904762 0.4932562620423892 0.047619047619047616 0.046242774566473986 
3 0.758095238095238 0.5857418111753372 0.047619047619047616 0.0905587668593449 
2 0.7542857142857143 0.7726396917148363 0.047619047619047616 0.04816955684007707 
3 0.8571428571428571 0.8458574181117534 0.047619047619047616 0.0905587668593449 
