3 0.470703125 0.080078125 0.09375 0.048828125 
2 0.017578125 0.162109375 0.048828125 0.046875 
2 0.150390625 0.16015625 0.05078125 0.046875 
2 0.279296875 0.162109375 0.048828125 0.046875 
2 0.544921875 0.30859375 0.048828125 0.046875 
2 0.69921875 0.255859375 0.048828125 0.046875 
3 0.8828125 0.255859375 0.091796875 0.044921875 
3 0.544921875 0.40234375 0.05078125 0.091796875 
2 0.90234375 0.4453125 0.046875 0.046875 
2 0.775390625 0.5 0.048828125 0.046875 
3 0.77734375 0.59375 0.048828125 0.091796875 
2 0.7734375 0.783203125 0.048828125 0.048828125 
3 0.87890625 0.857421875 0.048828125 0.091796875 
