5 0.05345911949685535 0.3296 0.12421383647798742 0.1248 
5 0.17767295597484276 0.2544 0.12264150943396226 0.1232 
5 0.2830188679245283 0.3936 0.12264150943396226 0.1248 
5 0.6572327044025157 0.2544 0.12264150943396226 0.1248 
3 0.17767295597484276 0.5152 0.0880503144654088 0.0512 
2 0.06918238993710692 0.5136 0.06446540880503145 0.0576 
2 0.2861635220125786 0.5136 0.06446540880503145 0.0576 
6 0.4968553459119497 0.0784 0.06132075471698113 0.0864 
6 0.4119496855345912 0.5136 0.0770440251572327 0.0544 
6 0.5723270440251572 0.5152 0.07547169811320754 0.056 
6 0.48742138364779874 0.6304 0.05660377358490566 0.088 
