5 0.05811965811965812 0.7687188019966722 0.13504273504273503 0.129783693843594 
5 0.19316239316239317 0.6905158069883528 0.13333333333333333 0.1281198003327787 
5 0.3076923076923077 0.8352745424292846 0.13333333333333333 0.129783693843594 
5 0.05811965811965812 0.18136439267886856 0.13504273504273503 0.129783693843594 
5 0.19316239316239317 0.11480865224625623 0.13162393162393163 0.1314475873544093 
5 0.305982905982906 0.259567387687188 0.13333333333333333 0.1281198003327787 
5 0.7145299145299145 0.11480865224625623 0.13333333333333333 0.1281198003327787 
5 0.7145299145299145 0.6905158069883528 0.13333333333333333 0.129783693843594 
6 0.4564102564102564 0.3843594009983361 0.08547008547008547 0.056572379367720464 
6 0.6222222222222222 0.3843594009983361 0.08547008547008547 0.056572379367720464 
3 0.19316239316239317 0.3843594009983361 0.09572649572649573 0.048252911813643926 
3 0.19316239316239317 0.961730449251248 0.09572649572649573 0.05324459234608985 
2 0.07521367521367521 0.3826955074875208 0.07008547008547009 0.05823627287853577 
2 0.3111111111111111 0.3843594009983361 0.07179487179487179 0.06156405990016639 
2 0.07521367521367521 0.9600665557404326 0.07008547008547009 0.059900166389351084 
2 0.3111111111111111 0.9600665557404326 0.07008547008547009 0.059900166389351084 
6 0.5401709401709401 0.5074875207986689 0.06666666666666667 0.08985024958402663 
6 0.4478632478632479 0.9600665557404326 0.08376068376068375 0.056572379367720464 
6 0.6222222222222222 0.961730449251248 0.08205128205128205 0.05823627287853577 
