5 0.08395061728395062 0.4940047961630695 0.19506172839506172 0.18705035971223022 
5 0.27901234567901234 0.381294964028777 0.1925925925925926 0.18465227817745802 
5 0.4444444444444444 0.5899280575539568 0.1925925925925926 0.18705035971223022 
3 0.27901234567901234 0.7721822541966427 0.1382716049382716 0.07673860911270983 
2 0.10864197530864197 0.7697841726618705 0.10123456790123457 0.08633093525179857 
2 0.44938271604938274 0.7697841726618705 0.10123456790123457 0.08633093525179857 
6 0.7802469135802469 0.11750599520383694 0.0962962962962963 0.12949640287769784 
6 0.6469135802469136 0.7697841726618705 0.12098765432098765 0.0815347721822542 
6 0.8987654320987655 0.7721822541966427 0.11851851851851852 0.08393285371702638 
6 0.7654320987654321 0.9448441247002398 0.08888888888888889 0.13189448441247004 
