5 0.06640625 0.40234375 0.154296875 0.15234375 
5 0.220703125 0.310546875 0.15234375 0.150390625 
5 0.3515625 0.48046875 0.15234375 0.15234375 
5 0.81640625 0.310546875 0.15234375 0.15234375 
3 0.220703125 0.62890625 0.109375 0.0625 
2 0.0859375 0.626953125 0.080078125 0.0703125 
2 0.35546875 0.626953125 0.080078125 0.0703125 
6 0.6171875 0.095703125 0.076171875 0.10546875 
6 0.51171875 0.626953125 0.095703125 0.06640625 
6 0.7109375 0.62890625 0.09375 0.068359375 
6 0.60546875 0.76953125 0.0703125 0.107421875 
