0 0.20582120582120583 0.01072961373390558 0.0498960498960499 0.09012875536480687 
0 0.23700623700623702 0.6244635193133047 0.09147609147609148 0.04935622317596566 
0 0.34511434511434513 0.6266094420600858 0.0893970893970894 0.04721030042918455 
0 0.8295218295218295 0.6845493562231759 0.09147609147609148 0.04935622317596566 
0 0.7297297297297297 0.7660944206008584 0.04781704781704782 0.0944206008583691 
3 0.1683991683991684 0.43991416309012876 0.0498960498960499 0.0944206008583691 
0 0.6257796257796258 0.9721030042918455 0.04781704781704782 0.0944206008583691 
2 0.6257796257796258 0.8648068669527897 0.0498960498960499 0.04935622317596566 
2 0.9438669438669439 0.6845493562231759 0.0498960498960499 0.04935622317596566 
5 0.3991683991683992 0.9592274678111588 0.1496881496881497 0.15665236051502146 
5 0.498960498960499 0.5686695278969958 0.1496881496881497 0.15236051502145923 
