0 0.193359375 0.009765625 0.046875 0.08203125 
0 0.22265625 0.568359375 0.0859375 0.044921875 
0 0.32421875 0.5703125 0.083984375 0.04296875 
0 0.779296875 0.623046875 0.0859375 0.044921875 
0 0.685546875 0.697265625 0.044921875 0.0859375 
3 0.158203125 0.400390625 0.046875 0.0859375 
0 0.587890625 0.884765625 0.044921875 0.0859375 
0 0.671875 0.9609375 0.0859375 0.044921875 
0 0.78515625 0.962890625 0.0859375 0.044921875 
0 0.16015625 0.974609375 0.046875 0.083984375 
2 0.587890625 0.787109375 0.046875 0.044921875 
2 0.88671875 0.623046875 0.046875 0.044921875 
4 0.193359375 0.921875 0.099609375 0.02734375 
5 0.375 0.873046875 0.140625 0.142578125 
5 0.46875 0.517578125 0.140625 0.138671875 
