5 0.8646748681898067 0.8154657293497364 0.06502636203866433 0.0632688927943761 
0 0.9964850615114236 0.9191564147627417 0.0210896309314587 0.03690685413005272 
0 0.8646748681898067 0.8787346221441125 0.0210896309314587 0.03866432337434095 
0 0.8646748681898067 0.929701230228471 0.0210896309314587 0.03866432337434095 
0 0.7609841827768014 0.8629173989455184 0.0210896309314587 0.03866432337434095 
0 0.9982425307557118 0.81195079086116 0.0210896309314587 0.03866432337434095 
0 0.7943760984182777 0.6942003514938488 0.03690685413005272 0.0210896309314587 
0 0.8453427065026362 0.6959578207381371 0.03866432337434095 0.0210896309314587 
3 0.7609841827768014 0.6045694200351494 0.0210896309314587 0.03866432337434095 
2 0.9982425307557118 0.7680140597539543 0.019332161687170474 0.0210896309314587 
0 0.5799648506151143 0.6977152899824253 0.019332161687170474 0.03866432337434095 
0 0.5430579964850615 0.6977152899824253 0.0210896309314587 0.03866432337434095 
0 0.5834797891036907 0.7521968365553603 0.019332161687170474 0.03866432337434095 
3 0.5430579964850615 0.7521968365553603 0.0210896309314587 0.03866432337434095 
3 0.5834797891036907 0.9384885764499121 0.0210896309314587 0.03690685413005272 
1 0.45869947275922673 0.9437609841827768 0.03866432337434095 0.028119507908611598 
2 0.01757469244288225 0.054481546572934976 0.0210896309314587 0.0210896309314587 
2 0.1704745166959578 0.056239015817223195 0.0210896309314587 0.0210896309314587 
5 0.10896309314586995 0.24956063268892795 0.0632688927943761 0.0632688927943761 
5 0.2583479789103691 0.2179261862917399 0.0632688927943761 0.0632688927943761 
5 0.3163444639718805 0.3286467486818981 0.0632688927943761 0.0632688927943761 
0 0.1616871704745167 0.3181019332161687 0.03690685413005272 0.0210896309314587 
0 0.19156414762741653 0.36906854130052724 0.0210896309314587 0.03690685413005272 
0 0.1265377855887522 0.7293497363796133 0.03866432337434095 0.0210896309314587 
0 0.08260105448154657 0.7644991212653779 0.0210896309314587 0.03866432337434095 
0 0.040421792618629174 0.8488576449912126 0.0210896309314587 0.03866432337434095 
0 0.0773286467486819 0.8822495606326889 0.03866432337434095 0.0210896309314587 
0 0.1282952548330404 0.8840070298769771 0.03866432337434095 0.0210896309314587 
0 0.040421792618629174 0.9261862917398945 0.0210896309314587 0.03866432337434095 
2 0.040421792618629174 0.8031634446397188 0.0210896309314587 0.0210896309314587 
2 0.17398945518453426 0.7293497363796133 0.0210896309314587 0.0210896309314587 
5 0.40597539543058 0.9964850615114236 0.0632688927943761 0.0632688927943761 
5 0.5342706502636204 0.9964850615114236 0.0632688927943761 0.0632688927943761 
5 0.9384885764499121 0.6766256590509666 0.06678383128295255 0.0632688927943761 
4 0.7785588752196837 0.8400702987697716 0.04569420035149385 0.012302284710017574 
