3 0.3658940397350993 0.03531300160513644 0.019867549668874173 0.033707865168539325 
0 0.33278145695364236 0.09951845906902086 0.03642384105960265 0.019261637239165328 
5 0.41225165562913907 0.08828250401284109 0.059602649006622516 0.05778491171749599 
5 0.5364238410596026 0.08667736757624397 0.06291390728476821 0.0593900481540931 
1 0.48344370860927155 0.038523274478330656 0.03642384105960265 0.027287319422150885 
2 0.3658940397350993 0.20545746388443017 0.019867549668874173 0.019261637239165328 
0 0.3228476821192053 0.2504012841091493 0.019867549668874173 0.03531300160513644 
0 0.3228476821192053 0.3996789727126806 0.023178807947019868 0.03531300160513644 
0 0.19370860927152317 0.3547351524879615 0.019867549668874173 0.03531300160513644 
0 0.19370860927152317 0.3996789727126806 0.02152317880794702 0.03531300160513644 
0 0.3228476821192053 0.4654895666131621 0.02152317880794702 0.03531300160513644 
0 0.3228476821192053 0.6147672552166934 0.019867549668874173 0.033707865168539325 
2 0.3658940397350993 0.6324237560192616 0.019867549668874173 0.01765650080256822 
5 0.44039735099337746 0.43980738362760835 0.059602649006622516 0.05778491171749599 
5 0.695364238410596 0.44301765650080255 0.06291390728476821 0.05778491171749599 
3 0.3658940397350993 0.812199036918138 0.023178807947019868 0.03531300160513644 
0 0.33278145695364236 0.7319422150882825 0.03642384105960265 0.019261637239165328 
1 0.4817880794701987 0.8154093097913323 0.03642384105960265 0.028892455858747994 
5 0.4105960264900662 0.8651685393258427 0.059602649006622516 0.0593900481540931 
5 0.5331125827814569 0.8651685393258427 0.059602649006622516 0.0593900481540931 
0 0.3658940397350993 0.9117174959871589 0.019867549668874173 0.03531300160513644 
0 0.3658940397350993 0.9614767255216693 0.019867549668874173 0.03531300160513644 
5 0.8096026490066225 0.8812199036918138 0.06291390728476821 0.05778491171749599 
5 0.9072847682119205 0.9020866773675762 0.06291390728476821 0.05778491171749599 
0 0.8112582781456954 0.942215088282504 0.02152317880794702 0.03531300160513644 
0 0.7963576158940397 0.008025682182985553 0.019867549668874173 0.03531300160513644 
0 0.8857615894039735 0.024077046548956663 0.019867549668874173 0.03531300160513644 
0 0.7963576158940397 0.05457463884430177 0.018211920529801324 0.03531300160513644 
