0 0.6428571428571429 0.04220779220779221 0.037337662337662336 0.0698051948051948 
0 0.7175324675324676 0.040584415584415584 0.03896103896103896 0.07142857142857142 
3 0.6428571428571429 0.1444805194805195 0.040584415584415584 0.07142857142857142 
0 0.7191558441558441 0.1444805194805195 0.04383116883116883 0.0762987012987013 
3 0.7159090909090909 0.487012987012987 0.03896103896103896 0.06818181818181818 
0 0.650974025974026 0.6185064935064936 0.07142857142857142 0.03896103896103896 
5 0.8068181818181818 0.5941558441558441 0.11688311688311688 0.11688311688311688 
1 0.9464285714285714 0.4935064935064935 0.07142857142857142 0.05357142857142857 
2 0.7159090909090909 0.8295454545454546 0.03896103896103896 0.037337662337662336 
0 0.6331168831168831 0.922077922077922 0.03896103896103896 0.07142857142857142 
