0 0.829981718464351 0.2465034965034965 0.021937842778793418 0.038461538461538464 
0 0.8720292504570384 0.2465034965034965 0.021937842778793418 0.038461538461538464 
3 0.829981718464351 0.3006993006993007 0.02376599634369287 0.038461538461538464 
0 0.8720292504570384 0.3006993006993007 0.025594149908592323 0.04020979020979021 
3 0.8720292504570384 0.486013986013986 0.021937842778793418 0.03671328671328671 
0 0.8354661791590493 0.5559440559440559 0.04021937842778794 0.02097902097902098 
5 0.923217550274223 0.5437062937062938 0.06581352833638025 0.06293706293706294 
2 0.8720292504570384 0.6713286713286714 0.021937842778793418 0.02097902097902098 
0 0.8244972577696527 0.7202797202797203 0.021937842778793418 0.038461538461538464 
0 0.8244972577696527 0.8828671328671329 0.025594149908592323 0.038461538461538464 
0 0.6819012797074955 0.833916083916084 0.021937842778793418 0.038461538461538464 
0 0.6819012797074955 0.8828671328671329 0.02376599634369287 0.038461538461538464 
0 0.8244972577696527 0.9545454545454546 0.02376599634369287 0.038461538461538464 
5 0.9542961608775137 0.9265734265734266 0.06581352833638025 0.06293706293706294 
