0 0.3188405797101449 0.6572847682119205 0.01932367149758454 0.03642384105960265 
0 0.355877616747182 0.6572847682119205 0.01932367149758454 0.03642384105960265 
3 0.3188405797101449 0.7086092715231788 0.020933977455716585 0.03642384105960265 
0 0.355877616747182 0.7086092715231788 0.02254428341384863 0.0380794701986755 
3 0.355877616747182 0.8841059602649006 0.01932367149758454 0.0347682119205298 
0 0.32367149758454106 0.9503311258278145 0.03542673107890499 0.019867549668874173 
5 0.40096618357487923 0.9387417218543046 0.057971014492753624 0.059602649006622516 
5 0.5217391304347826 0.9370860927152318 0.061191626409017714 0.061258278145695365 
1 0.47020933977455714 0.8874172185430463 0.03542673107890499 0.028145695364238412 
0 0.7745571658615137 0.8559602649006622 0.01932367149758454 0.03642384105960265 
2 0.8405797101449275 0.05132450331125828 0.01932367149758454 0.019867549668874173 
2 0.9806763285024155 0.052980132450331126 0.01932367149758454 0.019867549668874173 
0 0.23993558776167473 0.06622516556291391 0.01932367149758454 0.03642384105960265 
0 0.23993558776167473 0.12582781456953643 0.01932367149758454 0.03642384105960265 
0 0.642512077294686 0.3543046357615894 0.01932367149758454 0.03642384105960265 
5 0.7439613526570048 0.2913907284768212 0.057971014492753624 0.059602649006622516 
5 0.8148148148148148 0.32781456953642385 0.057971014492753624 0.059602649006622516 
5 0.9243156199677939 0.23509933774834438 0.057971014492753624 0.059602649006622516 
0 0.9726247987117552 0.2996688741721854 0.033816425120772944 0.019867549668874173 
0 0.7439613526570048 0.34933774834437087 0.01932367149758454 0.03642384105960265 
0 0.6988727858293076 0.4288079470198676 0.01932367149758454 0.0347682119205298 
0 0.7101449275362319 0.6639072847682119 0.03542673107890499 0.019867549668874173 
0 0.7520128824476651 0.6655629139072847 0.03542673107890499 0.018211920529801324 
0 0.9404186795491143 0.6870860927152318 0.03542673107890499 0.019867549668874173 
0 0.9001610305958132 0.7201986754966887 0.01932367149758454 0.03642384105960265 
3 0.6843800322061192 0.5927152317880795 0.01932367149758454 0.03642384105960265 
0 0.8615136876006442 0.7996688741721855 0.01932367149758454 0.03642384105960265 
0 0.895330112721417 0.8311258278145696 0.03542673107890499 0.019867549668874173 
0 0.9420289855072463 0.8327814569536424 0.03542673107890499 0.019867549668874173 
0 0.8615136876006442 0.8725165562913907 0.01932367149758454 0.03642384105960265 
0 0.7745571658615137 0.9039735099337748 0.017713365539452495 0.03642384105960265 
0 0.6843800322061192 0.8377483443708609 0.01932367149758454 0.03642384105960265 
2 0.8615136876006442 0.7566225165562914 0.01932367149758454 0.019867549668874173 
2 0.9838969404186796 0.6870860927152318 0.01932367149758454 0.019867549668874173 
4 0.6988727858293076 0.8145695364238411 0.04186795491143317 0.011589403973509934 
5 0.7729468599033816 0.793046357615894 0.057971014492753624 0.059602649006622516 
5 0.8115942028985508 0.6423841059602649 0.057971014492753624 0.059602649006622516 
