0 0.083984375 0.3515625 0.12890625 0.068359375 
0 0.234375 0.35546875 0.125 0.064453125 
0 0.91796875 0.43359375 0.12890625 0.068359375 
0 0.77734375 0.546875 0.06640625 0.12890625 
0 0.6328125 0.828125 0.06640625 0.12890625 
0 0.7578125 0.943359375 0.12890625 0.068359375 
0 0.927734375 0.9453125 0.12890625 0.068359375 
2 0.630859375 0.6796875 0.0703125 0.068359375 
4 0.041015625 0.8828125 0.1484375 0.041015625 
5 0.3125 0.80859375 0.2109375 0.212890625 
5 0.453125 0.275390625 0.2109375 0.208984375 
