5 0.9609375 0.90625 0.072265625 0.0703125 
0 0.9609375 0.9765625 0.0234375 0.04296875 
0 0.845703125 0.958984375 0.0234375 0.04296875 
0 0.8828125 0.771484375 0.041015625 0.0234375 
0 0.939453125 0.7734375 0.04296875 0.0234375 
3 0.845703125 0.671875 0.0234375 0.04296875 
0 0.64453125 0.775390625 0.021484375 0.04296875 
0 0.603515625 0.775390625 0.0234375 0.04296875 
0 0.6484375 0.8359375 0.021484375 0.04296875 
3 0.603515625 0.8359375 0.0234375 0.04296875 
2 0.01953125 0.060546875 0.0234375 0.0234375 
2 0.189453125 0.0625 0.0234375 0.0234375 
5 0.12109375 0.27734375 0.0703125 0.0703125 
5 0.287109375 0.2421875 0.0703125 0.0703125 
5 0.3515625 0.365234375 0.0703125 0.0703125 
0 0.1796875 0.353515625 0.041015625 0.0234375 
0 0.212890625 0.41015625 0.0234375 0.041015625 
0 0.140625 0.810546875 0.04296875 0.0234375 
0 0.091796875 0.849609375 0.0234375 0.04296875 
0 0.044921875 0.943359375 0.0234375 0.04296875 
0 0.0859375 0.98046875 0.04296875 0.0234375 
0 0.142578125 0.982421875 0.04296875 0.0234375 
2 0.044921875 0.892578125 0.0234375 0.0234375 
2 0.193359375 0.810546875 0.0234375 0.0234375 
4 0.865234375 0.93359375 0.05078125 0.013671875 
