3 0.8966165413533834 0.04021937842778794 0.022556390977443608 0.038391224862888484 
0 0.8590225563909775 0.113345521023766 0.041353383458646614 0.021937842778793418 
5 0.9492481203007519 0.10054844606946983 0.06766917293233082 0.06581352833638025 
2 0.8966165413533834 0.2340036563071298 0.022556390977443608 0.021937842778793418 
0 0.8477443609022557 0.2851919561243144 0.022556390977443608 0.04021937842778794 
0 0.8477443609022557 0.45521023765996343 0.02631578947368421 0.04021937842778794 
0 0.7011278195488722 0.4040219378427788 0.022556390977443608 0.04021937842778794 
0 0.7011278195488722 0.45521023765996343 0.02443609022556391 0.04021937842778794 
0 0.8477443609022557 0.5301645338208409 0.02443609022556391 0.04021937842778794 
0 0.8477443609022557 0.70018281535649 0.022556390977443608 0.038391224862888484 
2 0.8966165413533834 0.720292504570384 0.022556390977443608 0.02010968921389397 
5 0.981203007518797 0.5009140767824497 0.06766917293233082 0.06581352833638025 
3 0.8966165413533834 0.9250457038391224 0.02631578947368421 0.04021937842778794 
0 0.8590225563909775 0.8336380255941499 0.041353383458646614 0.021937842778793418 
5 0.9473684210526315 0.9853747714808044 0.06766917293233082 0.06764168190127971 
