0 0.22508038585209003 0.4519230769230769 0.03697749196141479 0.06891025641025642 
0 0.2990353697749196 0.45032051282051283 0.03858520900321544 0.07051282051282051 
3 0.22508038585209003 0.5528846153846154 0.04019292604501608 0.07051282051282051 
0 0.30064308681672025 0.5528846153846154 0.04340836012861737 0.07532051282051282 
3 0.297427652733119 0.8910256410256411 0.03858520900321544 0.0673076923076923 
5 0.387459807073955 0.9967948717948718 0.1157556270096463 0.11538461538461539 
5 0.6302250803858521 0.9935897435897436 0.12057877813504823 0.11858974358974358 
1 0.5257234726688103 0.8974358974358975 0.0707395498392283 0.052884615384615384 
0 0.9823151125401929 0.008012820512820512 0.03858520900321544 0.0673076923076923 
3 0.9533762057877814 0.328525641025641 0.03858520900321544 0.07051282051282051 
0 0.954983922829582 0.7996794871794872 0.03858520900321544 0.06891025641025642 
4 0.9823151125401929 0.7564102564102564 0.0819935691318328 0.022435897435897436 
