5 0.9370748299319728 0.9403747870528109 0.12755102040816327 0.12436115843270869 
5 0.40816326530612246 0.9335604770017035 0.12244897959183673 0.12265758091993186 
0 0.95578231292517 0.3185689948892675 0.04081632653061224 0.07495741056218058 
0 0.8010204081632653 0.05792163543441227 0.04081632653061224 0.07325383304940375 
3 0.2585034013605442 0.07325383304940375 0.0391156462585034 0.07155025553662692 
0 0.3231292517006803 0.21124361158432708 0.07482993197278912 0.03577512776831346 
1 0.017006802721088437 0.08517887563884156 0.07482993197278912 0.054514480408858604 
0 0.1683673469387755 0.5315161839863713 0.04081632653061224 0.07495741056218058 
2 0.25510204081632654 0.4599659284497445 0.04081632653061224 0.03747870528109029 
0 0.1683673469387755 0.8466780238500852 0.04081632653061224 0.07495741056218058 
0 0.1683673469387755 0.989778534923339 0.04081632653061224 0.07325383304940375 
5 0.1649659863945578 0.1890971039182283 0.12074829931972789 0.12095400340715502 
