5 0.9880952380952381 0.7354497354497355 0.12244897959183673 0.12698412698412698 
5 0.8248299319727891 0.6225749559082893 0.12414965986394558 0.12698412698412698 
5 0.3673469387755102 0.2804232804232804 0.12414965986394558 0.12698412698412698 
0 0.6394557823129252 0.9400352733686067 0.0391156462585034 0.07583774250440917 
0 0.8248299319727891 0.7619047619047619 0.04081632653061224 0.07760141093474426 
0 0.5204081632653061 0.781305114638448 0.04081632653061224 0.07760141093474426 
0 0.6207482993197279 0.49029982363315694 0.04081632653061224 0.07407407407407407 
0 0.3673469387755102 0.4109347442680776 0.04081632653061224 0.07583774250440917 
0 0.3656462585034014 0.5114638447971781 0.04081632653061224 0.07583774250440917 
0 0.16666666666666666 0.37742504409171074 0.04081632653061224 0.07760141093474426 
0 0.6972789115646258 0.36684303350970016 0.07482993197278912 0.042328042328042326 
0 0.79421768707483 0.36507936507936506 0.07482993197278912 0.04585537918871252 
0 0.6241496598639455 0.2751322751322751 0.04081632653061224 0.07760141093474426 
0 0.7074829931972789 0.164021164021164 0.04081632653061224 0.07760141093474426 
0 0.7908163265306123 0.09523809523809523 0.07312925170068027 0.04056437389770723 
0 0.23129251700680273 0.03880070546737213 0.07142857142857142 0.04056437389770723 
0 0.3299319727891156 0.042328042328042326 0.07482993197278912 0.04056437389770723 
2 0.6241496598639455 0.18694885361552027 0.03741496598639456 0.042328042328042326 
2 0.8809523809523809 0.09523809523809523 0.04081632653061224 0.04056437389770723 
5 0.5085034013605442 0.003527336860670194 0.12755102040816327 0.12522045855379188 
4 0.20068027210884354 0.3315696649029982 0.08673469387755102 0.024691358024691357 
