2 0.5924276169265034 0.0670995670995671 0.026726057906458798 0.025974025974025976 
2 0.7861915367483296 0.06926406926406926 0.026726057906458798 0.025974025974025976 
0 0.3184855233853007 0.46320346320346323 0.026726057906458798 0.047619047619047616 
5 0.45879732739420936 0.38095238095238093 0.0801781737193764 0.07792207792207792 
5 0.5567928730512249 0.42857142857142855 0.0801781737193764 0.07792207792207792 
5 0.7082405345211581 0.30735930735930733 0.0801781737193764 0.07792207792207792 
5 0.8975501113585747 0.2683982683982684 0.0801781737193764 0.07792207792207792 
5 0.9710467706013363 0.40476190476190477 0.0801781737193764 0.07792207792207792 
0 0.7750556792873051 0.3917748917748918 0.0467706013363029 0.025974025974025976 
0 0.8129175946547884 0.45454545454545453 0.026726057906458798 0.045454545454545456 
0 0.45879732739420936 0.45670995670995673 0.026726057906458798 0.047619047619047616 
0 0.39643652561247217 0.5606060606060606 0.026726057906458798 0.045454545454545456 
0 0.41202672605790647 0.8679653679653679 0.04899777282850779 0.025974025974025976 
0 0.46993318485523383 0.8701298701298701 0.04899777282850779 0.023809523809523808 
0 0.7305122494432071 0.8982683982683982 0.04899777282850779 0.025974025974025976 
0 0.6748329621380846 0.9415584415584416 0.026726057906458798 0.047619047619047616 
3 0.37639198218262804 0.7748917748917749 0.026726057906458798 0.047619047619047616 
2 0.621380846325167 0.9891774891774892 0.026726057906458798 0.025974025974025976 
2 0.7906458797327395 0.8982683982683982 0.026726057906458798 0.025974025974025976 
5 0.5523385300668151 0.8398268398268398 0.0801781737193764 0.07792207792207792 
