2 0.43670886075949367 0.10163934426229508 0.03639240506329114 0.03770491803278689 
2 0.7120253164556962 0.10491803278688525 0.03639240506329114 0.03770491803278689 
0 0.04746835443037975 0.7016393442622951 0.03639240506329114 0.07049180327868852 
5 0.24841772151898733 0.5770491803278689 0.11234177215189874 0.1180327868852459 
5 0.38449367088607594 0.6491803278688525 0.11392405063291139 0.11639344262295082 
5 0.5996835443037974 0.4672131147540984 0.11392405063291139 0.11639344262295082 
5 0.8686708860759493 0.4081967213114754 0.11392405063291139 0.11639344262295082 
5 0.9762658227848101 0.6147540983606558 0.11234177215189874 0.1180327868852459 
0 0.6962025316455697 0.5918032786885246 0.06645569620253164 0.03934426229508197 
0 0.75 0.6868852459016394 0.0379746835443038 0.06885245901639345 
0 0.2468354430379747 0.6918032786885245 0.0379746835443038 0.07213114754098361 
0 0.15664556962025317 0.8475409836065574 0.0379746835443038 0.06885245901639345 
