5 0.947265625 0.689453125 0.142578125 0.140625 
5 0.421875 0.310546875 0.142578125 0.140625 
0 0.947265625 0.84375 0.046875 0.0859375 
0 0.59765625 0.865234375 0.046875 0.0859375 
0 0.712890625 0.54296875 0.046875 0.08203125 
0 0.421875 0.455078125 0.046875 0.083984375 
0 0.419921875 0.56640625 0.046875 0.083984375 
0 0.19140625 0.41796875 0.046875 0.0859375 
0 0.80078125 0.40625 0.0859375 0.046875 
0 0.912109375 0.404296875 0.0859375 0.05078125 
0 0.716796875 0.3046875 0.046875 0.0859375 
0 0.8125 0.181640625 0.046875 0.0859375 
0 0.908203125 0.10546875 0.083984375 0.044921875 
0 0.265625 0.04296875 0.08203125 0.044921875 
0 0.37890625 0.046875 0.0859375 0.044921875 
2 0.716796875 0.20703125 0.04296875 0.046875 
5 0.583984375 0.00390625 0.146484375 0.138671875 
4 0.23046875 0.3671875 0.099609375 0.02734375 
