5 0.921875 0.310546875 0.142578125 0.140625 
0 0.921875 0.455078125 0.046875 0.083984375 
0 0.919921875 0.56640625 0.046875 0.083984375 
0 0.69140625 0.41796875 0.046875 0.0859375 
0 0.765625 0.04296875 0.08203125 0.044921875 
0 0.87890625 0.046875 0.0859375 0.044921875 
0 0.291015625 0.048828125 0.041015625 0.0859375 
0 0.20703125 0.048828125 0.046875 0.0859375 
0 0.296875 0.171875 0.041015625 0.0859375 
3 0.20703125 0.171875 0.046875 0.0859375 
3 0.296875 0.583984375 0.044921875 0.08203125 
0 0.37109375 0.7421875 0.0859375 0.041015625 
1 0.01953125 0.59765625 0.0859375 0.0625 
5 0.189453125 0.716796875 0.138671875 0.138671875 
4 0.73046875 0.3671875 0.099609375 0.02734375 
