5 0.7961476725521669 0.8496124031007752 0.11556982343499198 0.11162790697674418 
3 0.6548956661316212 0.06666666666666667 0.03691813804173355 0.06511627906976744 
0 0.7158908507223114 0.19224806201550387 0.07062600321027288 0.03255813953488372 
1 0.42696629213483145 0.07751937984496124 0.07062600321027288 0.04961240310077519 
0 0.5698234349919743 0.48372093023255813 0.038523274478330656 0.06821705426356589 
2 0.651685393258427 0.4186046511627907 0.038523274478330656 0.034108527131782945 
0 0.5698234349919743 0.7705426356589147 0.038523274478330656 0.06821705426356589 
0 0.5698234349919743 0.9007751937984496 0.038523274478330656 0.06666666666666667 
5 0.3290529695024077 0.17209302325581396 0.11556982343499198 0.11007751937984496 
5 0.5666131621187801 0.17209302325581396 0.11396468699839486 0.11007751937984496 
