0 0.9967741935483871 0.4683333333333333 0.03870967741935484 0.07333333333333333 
3 0.9967741935483871 0.5733333333333334 0.03870967741935484 0.07333333333333333 
1 0.8419354838709677 0.9366666666666666 0.07096774193548387 0.05333333333333334 
0 0.2306451612903226 0.5316666666666666 0.07096774193548387 0.03833333333333333 
0 0.1532258064516129 0.595 0.037096774193548385 0.07333333333333333 
0 0.07258064516129033 0.755 0.037096774193548385 0.07333333333333333 
0 0.14193548387096774 0.82 0.07096774193548387 0.03833333333333333 
0 0.23548387096774193 0.8216666666666667 0.07096774193548387 0.03833333333333333 
0 0.07258064516129033 0.9033333333333333 0.03870967741935484 0.07333333333333333 
2 0.07258064516129033 0.6716666666666666 0.03870967741935484 0.03833333333333333 
2 0.3193548387096774 0.5316666666666666 0.03870967741935484 0.03833333333333333 
