5 0.2579113924050633 0.9457735247208932 0.056962025316455694 0.05741626794258373 
5 0.1819620253164557 0.8947368421052632 0.058544303797468354 0.05741626794258373 
5 0.48417721518987344 0.9266347687400319 0.060126582278481014 0.05741626794258373 
5 0.3227848101265823 0.759170653907496 0.056962025316455694 0.05741626794258373 
5 0.4588607594936709 0.7304625199362041 0.058544303797468354 0.05741626794258373 
0 0.40189873417721517 0.886762360446571 0.0189873417721519 0.03668261562998405 
0 0.37183544303797467 0.8484848484848485 0.03481012658227848 0.019138755980861243 
0 0.1819620253164557 0.9569377990430622 0.0189873417721519 0.03508771929824561 
0 0.03955696202531646 0.9665071770334929 0.0189873417721519 0.03508771929824561 
0 0.08702531645569621 0.8341307814992025 0.0189873417721519 0.03349282296650718 
0 0.12183544303797468 0.7783094098883573 0.03481012658227848 0.019138755980861243 
0 0.16772151898734178 0.7783094098883573 0.03481012658227848 0.02073365231259968 
0 0.08860759493670886 0.7368421052631579 0.0189873417721519 0.03508771929824561 
0 0.12658227848101267 0.6858054226475279 0.0189873417721519 0.03508771929824561 
0 0.1661392405063291 0.6555023923444976 0.03481012658227848 0.019138755980861243 
2 0.08860759493670886 0.696969696969697 0.01740506329113924 0.019138755980861243 
2 0.20727848101265822 0.6555023923444976 0.0189873417721519 0.019138755980861243 
5 0.03481012658227848 0.6140350877192983 0.060126582278481014 0.05741626794258373 
2 0.5965189873417721 0.3668261562998405 0.01740506329113924 0.019138755980861243 
