1 0.009765625 0.9921875 0.044921875 0.033203125 
3 0.150390625 0.98828125 0.0234375 0.04296875 
0 0.1875 0.890625 0.044921875 0.0234375 
2 0.146484375 0.779296875 0.0234375 0.0234375 
0 0.09765625 0.748046875 0.0234375 0.041015625 
5 0.744140625 0.708984375 0.0703125 0.0703125 
5 0.857421875 0.736328125 0.072265625 0.0703125 
5 0.5390625 0.5390625 0.07421875 0.0703125 
5 0.234375 0.53515625 0.0703125 0.0703125 
5 0.818359375 0.158203125 0.0703125 0.0703125 
5 0.724609375 0.095703125 0.072265625 0.0703125 
0 0.99609375 0.0859375 0.0234375 0.044921875 
0 0.958984375 0.0390625 0.04296875 0.0234375 
0 0.6171875 0.271484375 0.0234375 0.04296875 
0 0.724609375 0.171875 0.0234375 0.04296875 
0 0.548828125 0.18359375 0.0234375 0.04296875 
0 0.607421875 0.021484375 0.0234375 0.041015625 
0 0.4609375 0.033203125 0.0234375 0.04296875 
3 0.1484375 0.04296875 0.0234375 0.041015625 
0 0.185546875 0.12109375 0.04296875 0.01953125 
1 0.009765625 0.048828125 0.04296875 0.03125 
0 0.09765625 0.3046875 0.0234375 0.04296875 
2 0.146484375 0.263671875 0.0234375 0.021484375 
0 0.09765625 0.486328125 0.0234375 0.04296875 
0 0.09765625 0.56640625 0.0234375 0.04296875 
5 0.09375 0.107421875 0.0703125 0.0703125 
0 0.744140625 0.779296875 0.0234375 0.04296875 
