0 0.7762478485370051 0.05975395430579965 0.022375215146299483 0.03866432337434095 
0 0.7762478485370051 0.22319859402460457 0.020654044750430294 0.03690685413005272 
2 0.8209982788296041 0.24253075571177504 0.020654044750430294 0.019332161687170474 
5 0.8984509466437177 0.03163444639718805 0.06196213425129088 0.0632688927943761 
3 0.8209982788296041 0.43936731107205623 0.024096385542168676 0.03866432337434095 
0 0.7865748709122203 0.351493848857645 0.0378657487091222 0.0210896309314587 
1 0.9414802065404475 0.4428822495606327 0.0378657487091222 0.03163444639718805 
5 0.8674698795180723 0.4973637961335677 0.06196213425129088 0.06502636203866433 
5 0.9948364888123924 0.4973637961335677 0.06196213425129088 0.06502636203866433 
0 0.8209982788296041 0.5483304042179262 0.020654044750430294 0.03866432337434095 
0 0.8209982788296041 0.6028119507908611 0.020654044750430294 0.03866432337434095 
5 0.9104991394148021 0.6889279437609842 0.06540447504302926 0.0632688927943761 
5 0.8967297762478486 0.8189806678383128 0.06540447504302926 0.06678383128295255 
