0 0.31230283911671924 0.2256 0.01892744479495268 0.0352 
0 0.34858044164037855 0.2256 0.01892744479495268 0.0352 
3 0.31230283911671924 0.2752 0.02050473186119874 0.0352 
0 0.34858044164037855 0.2752 0.022082018927444796 0.0368 
3 0.34858044164037855 0.4448 0.01892744479495268 0.0336 
0 0.31703470031545744 0.5088 0.03470031545741325 0.0192 
5 0.39274447949526814 0.4976 0.056782334384858045 0.0576 
5 0.5110410094637224 0.496 0.05993690851735016 0.0592 
1 0.4605678233438486 0.448 0.03470031545741325 0.0272 
2 0.34858044164037855 0.6144 0.01892744479495268 0.0192 
0 0.30757097791798105 0.6592 0.01892744479495268 0.0352 
0 0.30757097791798105 0.808 0.022082018927444796 0.0352 
0 0.18454258675078863 0.7632 0.01892744479495268 0.0352 
0 0.18454258675078863 0.808 0.02050473186119874 0.0352 
0 0.30757097791798105 0.8736 0.02050473186119874 0.0352 
5 0.4195583596214511 0.848 0.056782334384858045 0.0576 
5 0.6624605678233438 0.8512 0.05993690851735016 0.0576 
0 0.7586750788643533 0.4176 0.01892744479495268 0.0352 
0 0.6845425867507886 0.0048 0.01892744479495268 0.0336 
0 0.695583596214511 0.232 0.03470031545741325 0.0192 
0 0.7365930599369085 0.2336 0.03470031545741325 0.0176 
0 0.9211356466876972 0.2544 0.03470031545741325 0.0192 
0 0.8817034700315457 0.2864 0.01892744479495268 0.0352 
3 0.6703470031545742 0.1632 0.01892744479495268 0.0352 
0 0.8438485804416404 0.3632 0.01892744479495268 0.0352 
0 0.8769716088328076 0.3936 0.03470031545741325 0.0192 
0 0.9227129337539433 0.3952 0.03470031545741325 0.0192 
0 0.8438485804416404 0.4336 0.01892744479495268 0.0352 
0 0.7586750788643533 0.464 0.017350157728706624 0.0352 
0 0.6703470031545742 0.4 0.01892744479495268 0.0352 
2 0.8438485804416404 0.3216 0.01892744479495268 0.0192 
2 0.9637223974763407 0.2544 0.01892744479495268 0.0192 
4 0.6845425867507886 0.3776 0.04100946372239748 0.0112 
5 0.7570977917981072 0.3568 0.056782334384858045 0.0576 
5 0.7949526813880127 0.2112 0.056782334384858045 0.0576 
