5 0.9609375 0.40625 0.072265625 0.0703125 
0 0.9609375 0.4765625 0.0234375 0.04296875 
0 0.9609375 0.533203125 0.0234375 0.04296875 
0 0.845703125 0.458984375 0.0234375 0.04296875 
0 0.8828125 0.271484375 0.041015625 0.0234375 
0 0.939453125 0.2734375 0.04296875 0.0234375 
3 0.845703125 0.171875 0.0234375 0.04296875 
0 0.64453125 0.275390625 0.021484375 0.04296875 
0 0.603515625 0.275390625 0.0234375 0.04296875 
0 0.6484375 0.3359375 0.021484375 0.04296875 
3 0.603515625 0.3359375 0.0234375 0.04296875 
3 0.6484375 0.54296875 0.0234375 0.041015625 
0 0.685546875 0.62109375 0.04296875 0.01953125 
1 0.509765625 0.548828125 0.04296875 0.03125 
0 0.59765625 0.8046875 0.0234375 0.04296875 
2 0.646484375 0.763671875 0.0234375 0.021484375 
0 0.59765625 0.986328125 0.0234375 0.04296875 
0 0.140625 0.310546875 0.04296875 0.0234375 
0 0.091796875 0.349609375 0.0234375 0.04296875 
0 0.044921875 0.443359375 0.0234375 0.04296875 
0 0.0859375 0.48046875 0.04296875 0.0234375 
0 0.142578125 0.482421875 0.04296875 0.0234375 
0 0.044921875 0.529296875 0.0234375 0.04296875 
2 0.044921875 0.392578125 0.0234375 0.0234375 
2 0.193359375 0.310546875 0.0234375 0.0234375 
5 0.451171875 0.607421875 0.0703125 0.0703125 
5 0.59375 0.607421875 0.0703125 0.0703125 
4 0.865234375 0.43359375 0.05078125 0.013671875 
