2 0.5185185185185185 0.5694444444444444 0.023391812865497075 0.023809523809523808 
2 0.6881091617933723 0.5714285714285714 0.023391812865497075 0.023809523809523808 
0 0.2787524366471735 0.9325396825396826 0.023391812865497075 0.04365079365079365 
5 0.4015594541910331 0.8571428571428571 0.07017543859649122 0.07142857142857142 
5 0.4873294346978557 0.9007936507936508 0.07017543859649122 0.07142857142857142 
5 0.6198830409356725 0.7896825396825397 0.07017543859649122 0.07142857142857142 
5 0.7855750487329435 0.753968253968254 0.07017543859649122 0.07142857142857142 
5 0.8499025341130604 0.878968253968254 0.07017543859649122 0.07142857142857142 
0 0.6783625730994152 0.8670634920634921 0.04093567251461988 0.023809523809523808 
0 0.7115009746588694 0.9246031746031746 0.023391812865497075 0.041666666666666664 
0 0.4015594541910331 0.9265873015873016 0.023391812865497075 0.04365079365079365 
