5 0.7142857142857143 0.9266666666666666 0.15824175824175823 0.16 
5 0.5032967032967033 0.7844444444444445 0.16043956043956045 0.16 
5 0.8967032967032967 0.4111111111111111 0.15824175824175823 0.1622222222222222 
0 0.5032967032967033 0.96 0.05274725274725275 0.09777777777777778 
0 0.10989010989010989 0.9844444444444445 0.05274725274725275 0.09777777777777778 
0 0.23956043956043957 0.6177777777777778 0.05274725274725275 0.09333333333333334 
0 0.3384615384615385 0.4622222222222222 0.0967032967032967 0.05333333333333334 
0 0.46373626373626375 0.46 0.0967032967032967 0.057777777777777775 
0 0.24395604395604395 0.3466666666666667 0.05274725274725275 0.09777777777777778 
0 0.3516483516483517 0.20666666666666667 0.05274725274725275 0.09777777777777778 
0 0.4593406593406593 0.12 0.0945054945054945 0.051111111111111114 
2 0.24395604395604395 0.23555555555555555 0.04835164835164835 0.05333333333333334 
2 0.5758241758241758 0.12 0.05274725274725275 0.051111111111111114 
5 0.0945054945054945 0.0044444444444444444 0.16483516483516483 0.15777777777777777 
