5 0.1328125 0.60546875 0.07421875 0.072265625 
1 0.0703125 0.546875 0.04296875 0.033203125 
0 0.439453125 0.509765625 0.0234375 0.04296875 
0 0.34765625 0.005859375 0.0234375 0.041015625 
0 0.361328125 0.283203125 0.04296875 0.0234375 
0 0.412109375 0.28515625 0.04296875 0.021484375 
0 0.640625 0.310546875 0.04296875 0.0234375 
0 0.591796875 0.349609375 0.0234375 0.04296875 
3 0.330078125 0.19921875 0.0234375 0.04296875 
0 0.544921875 0.443359375 0.0234375 0.04296875 
0 0.5859375 0.48046875 0.04296875 0.0234375 
0 0.642578125 0.482421875 0.04296875 0.0234375 
0 0.544921875 0.529296875 0.0234375 0.04296875 
0 0.439453125 0.56640625 0.021484375 0.04296875 
0 0.330078125 0.48828125 0.0234375 0.04296875 
2 0.544921875 0.392578125 0.0234375 0.0234375 
2 0.693359375 0.310546875 0.0234375 0.0234375 
4 0.34765625 0.4609375 0.05078125 0.013671875 
5 0.4375 0.435546875 0.0703125 0.0703125 
5 0.484375 0.2578125 0.0703125 0.0703125 
5 0.951171875 0.607421875 0.0703125 0.0703125 
