5 0.02092050209205021 0.03643724696356275 0.07531380753138076 0.0728744939271255 
5 0.34309623430962344 0.04048582995951417 0.0794979079497908 0.0728744939271255 
1 0.07322175732217573 0.5101214574898786 0.04602510460251046 0.03643724696356275 
5 0.13807531380753138 0.5728744939271255 0.07531380753138076 0.07489878542510121 
5 0.03556485355648536 0.7935222672064778 0.0794979079497908 0.0728744939271255 
5 0.01882845188284519 0.9433198380566802 0.0794979079497908 0.07692307692307693 
5 0.4874476987447699 0.5931174089068826 0.0794979079497908 0.0728744939271255 
5 0.6108786610878661 0.6194331983805668 0.0794979079497908 0.0728744939271255 
0 0.4895397489539749 0.6700404858299596 0.027196652719665274 0.044534412955465584 
2 0.5585774058577406 0.8562753036437247 0.02510460251046025 0.024291497975708502 
2 0.7384937238493724 0.8562753036437247 0.02510460251046025 0.024291497975708502 
0 0.4665271966527197 0.9453441295546559 0.04602510460251046 0.024291497975708502 
0 0.5439330543933054 0.9433198380566802 0.04602510460251046 0.024291497975708502 
