2 0.51953125 0.060546875 0.0234375 0.0234375 
2 0.689453125 0.0625 0.0234375 0.0234375 
0 0.279296875 0.41796875 0.0234375 0.04296875 
5 0.40234375 0.34375 0.0703125 0.0703125 
5 0.48828125 0.38671875 0.0703125 0.0703125 
5 0.62109375 0.27734375 0.0703125 0.0703125 
5 0.787109375 0.2421875 0.0703125 0.0703125 
5 0.8515625 0.365234375 0.0703125 0.0703125 
0 0.6796875 0.353515625 0.041015625 0.0234375 
0 0.712890625 0.41015625 0.0234375 0.041015625 
0 0.40234375 0.412109375 0.0234375 0.04296875 
0 0.34765625 0.505859375 0.0234375 0.041015625 
0 0.361328125 0.783203125 0.04296875 0.0234375 
0 0.412109375 0.78515625 0.04296875 0.021484375 
0 0.640625 0.810546875 0.04296875 0.0234375 
0 0.591796875 0.849609375 0.0234375 0.04296875 
3 0.330078125 0.69921875 0.0234375 0.04296875 
0 0.544921875 0.943359375 0.0234375 0.04296875 
0 0.5859375 0.98046875 0.04296875 0.0234375 
0 0.642578125 0.982421875 0.04296875 0.0234375 
0 0.330078125 0.98828125 0.0234375 0.04296875 
2 0.544921875 0.892578125 0.0234375 0.0234375 
2 0.693359375 0.810546875 0.0234375 0.0234375 
4 0.34765625 0.9609375 0.05078125 0.013671875 
5 0.4375 0.935546875 0.0703125 0.0703125 
5 0.484375 0.7578125 0.0703125 0.0703125 
