5 0.421875 0.810546875 0.142578125 0.140625 
0 0.421875 0.955078125 0.046875 0.083984375 
0 0.19140625 0.91796875 0.046875 0.0859375 
0 0.80078125 0.90625 0.0859375 0.046875 
0 0.912109375 0.904296875 0.0859375 0.05078125 
0 0.716796875 0.8046875 0.046875 0.0859375 
0 0.8125 0.681640625 0.046875 0.0859375 
0 0.908203125 0.60546875 0.083984375 0.044921875 
0 0.265625 0.54296875 0.08203125 0.044921875 
0 0.37890625 0.546875 0.0859375 0.044921875 
3 0.19140625 0.341796875 0.046875 0.0859375 
2 0.716796875 0.70703125 0.04296875 0.046875 
5 0.583984375 0.50390625 0.146484375 0.138671875 
4 0.23046875 0.8671875 0.099609375 0.02734375 
