5 0.294811320754717 0.8789346246973365 0.08490566037735849 0.08716707021791767 
5 0.43160377358490565 0.9128329297820823 0.08726415094339622 0.08716707021791767 
5 0.04716981132075472 0.6682808716707022 0.08962264150943396 0.08716707021791767 
5 0.38443396226415094 0.19612590799031476 0.08490566037735849 0.08716707021791767 
5 0.27122641509433965 0.11864406779661017 0.08726415094339622 0.08716707021791767 
5 0.7216981132075472 0.16707021791767554 0.08962264150943396 0.08716707021791767 
0 0.5990566037735849 0.10653753026634383 0.02830188679245283 0.05569007263922518 
0 0.5542452830188679 0.048426150121065374 0.05188679245283019 0.029055690072639227 
0 0.14150943396226415 0.3365617433414044 0.02830188679245283 0.053268765133171914 
0 0.27122641509433965 0.21307506053268765 0.02830188679245283 0.053268765133171914 
0 0.0589622641509434 0.22760290556900725 0.02830188679245283 0.053268765133171914 
0 0.12971698113207547 0.026634382566585957 0.02830188679245283 0.05084745762711865 
0 0.294811320754717 0.9661016949152542 0.02830188679245283 0.053268765133171914 
