5 0.318359375 0.658203125 0.0703125 0.0703125 
5 0.224609375 0.595703125 0.072265625 0.0703125 
5 0.59765625 0.634765625 0.07421875 0.0703125 
5 0.3984375 0.4296875 0.0703125 0.0703125 
5 0.56640625 0.39453125 0.072265625 0.0703125 
0 0.49609375 0.5859375 0.0234375 0.044921875 
0 0.458984375 0.5390625 0.04296875 0.0234375 
0 0.1171875 0.771484375 0.0234375 0.04296875 
0 0.224609375 0.671875 0.0234375 0.04296875 
0 0.048828125 0.68359375 0.0234375 0.04296875 
0 0.107421875 0.521484375 0.0234375 0.041015625 
0 0.150390625 0.453125 0.04296875 0.0234375 
0 0.20703125 0.453125 0.04296875 0.025390625 
0 0.109375 0.40234375 0.0234375 0.04296875 
0 0.15625 0.33984375 0.0234375 0.04296875 
0 0.205078125 0.302734375 0.04296875 0.0234375 
2 0.109375 0.353515625 0.021484375 0.0234375 
2 0.255859375 0.302734375 0.0234375 0.0234375 
5 0.04296875 0.251953125 0.07421875 0.0703125 
