5 0.0624 0.9064039408866995 0.12 0.11986863711001643 
5 0.52 0.26436781609195403 0.1152 0.11822660098522167 
5 0.3664 0.1592775041050903 0.1168 0.11822660098522167 
5 0.9792 0.22495894909688013 0.12 0.11986863711001643 
0 0.8112 0.1444991789819376 0.0384 0.07389162561576355 
0 0.752 0.06732348111658457 0.0704 0.03776683087027915 
0 0.192 0.4548440065681445 0.0368 0.07060755336617405 
0 0.3664 0.2889983579638752 0.0384 0.0722495894909688 
0 0.08 0.3070607553366174 0.0384 0.0722495894909688 
0 0.1744 0.0361247947454844 0.0384 0.06896551724137931 
