3 0.37018425460636517 0.038461538461538464 0.020100502512562814 0.03671328671328671 
0 0.33668341708542715 0.10839160839160839 0.03685092127303183 0.02097902097902098 
5 0.41708542713567837 0.09615384615384616 0.06030150753768844 0.06293706293706294 
5 0.542713567839196 0.0944055944055944 0.06365159128978225 0.06468531468531469 
1 0.48911222780569513 0.04195804195804196 0.03685092127303183 0.02972027972027972 
2 0.37018425460636517 0.22377622377622378 0.020100502512562814 0.02097902097902098 
0 0.32663316582914576 0.2727272727272727 0.020100502512562814 0.038461538461538464 
0 0.32663316582914576 0.4353146853146853 0.023450586264656615 0.038461538461538464 
0 0.19597989949748743 0.38636363636363635 0.020100502512562814 0.038461538461538464 
0 0.19597989949748743 0.4353146853146853 0.021775544388609715 0.038461538461538464 
0 0.32663316582914576 0.506993006993007 0.021775544388609715 0.038461538461538464 
0 0.32663316582914576 0.6695804195804196 0.020100502512562814 0.03671328671328671 
2 0.37018425460636517 0.6888111888111889 0.020100502512562814 0.019230769230769232 
5 0.4455611390284757 0.479020979020979 0.06030150753768844 0.06293706293706294 
5 0.7035175879396985 0.4825174825174825 0.06365159128978225 0.06293706293706294 
3 0.37018425460636517 0.8846153846153846 0.023450586264656615 0.038461538461538464 
0 0.33668341708542715 0.7972027972027972 0.03685092127303183 0.02097902097902098 
1 0.48743718592964824 0.8881118881118881 0.03685092127303183 0.03146853146853147 
5 0.4154103852596315 0.9423076923076923 0.06030150753768844 0.06468531468531469 
5 0.5393634840871022 0.9423076923076923 0.06030150753768844 0.06468531468531469 
0 0.37018425460636517 0.993006993006993 0.020100502512562814 0.038461538461538464 
5 0.8190954773869347 0.9597902097902098 0.06365159128978225 0.06293706293706294 
5 0.9179229480737019 0.9825174825174825 0.06365159128978225 0.06293706293706294 
0 0.8056951423785594 0.008741258741258742 0.020100502512562814 0.038461538461538464 
0 0.8961474036850922 0.026223776223776224 0.020100502512562814 0.038461538461538464 
0 0.8056951423785594 0.05944055944055944 0.018425460636515914 0.038461538461538464 
