1 0.009541984732824428 0.9844961240310077 0.04389312977099236 0.03294573643410853 
3 0.14694656488549618 0.9806201550387597 0.022900763358778626 0.04263565891472868 
0 0.183206106870229 0.8837209302325582 0.04389312977099236 0.023255813953488372 
2 0.1431297709923664 0.7732558139534884 0.022900763358778626 0.023255813953488372 
0 0.09541984732824428 0.7422480620155039 0.022900763358778626 0.040697674418604654 
5 0.7270992366412213 0.7034883720930233 0.06870229007633588 0.06976744186046512 
5 0.8377862595419847 0.7306201550387597 0.07061068702290077 0.06976744186046512 
5 0.5267175572519084 0.5348837209302325 0.07251908396946564 0.06976744186046512 
5 0.22900763358778625 0.5310077519379846 0.06870229007633588 0.06976744186046512 
5 0.799618320610687 0.1569767441860465 0.06870229007633588 0.06976744186046512 
5 0.7080152671755725 0.09496124031007752 0.07061068702290077 0.06976744186046512 
0 0.9732824427480916 0.08527131782945736 0.022900763358778626 0.044573643410852716 
0 0.9370229007633588 0.03875968992248062 0.04198473282442748 0.023255813953488372 
0 0.6030534351145038 0.2693798449612403 0.022900763358778626 0.04263565891472868 
0 0.7080152671755725 0.17054263565891473 0.022900763358778626 0.04263565891472868 
0 0.5362595419847328 0.1821705426356589 0.022900763358778626 0.04263565891472868 
0 0.5935114503816794 0.02131782945736434 0.022900763358778626 0.040697674418604654 
0 0.45038167938931295 0.03294573643410853 0.022900763358778626 0.04263565891472868 
3 0.1450381679389313 0.04263565891472868 0.022900763358778626 0.040697674418604654 
0 0.18129770992366412 0.12015503875968993 0.04198473282442748 0.01937984496124031 
1 0.009541984732824428 0.04844961240310078 0.04198473282442748 0.031007751937984496 
0 0.09541984732824428 0.3023255813953488 0.022900763358778626 0.04263565891472868 
2 0.1431297709923664 0.2616279069767442 0.022900763358778626 0.02131782945736434 
0 0.09541984732824428 0.48255813953488375 0.022900763358778626 0.04263565891472868 
0 0.09541984732824428 0.562015503875969 0.022900763358778626 0.04263565891472868 
5 0.0916030534351145 0.1065891472868217 0.06870229007633588 0.06976744186046512 
0 0.7270992366412213 0.7732558139534884 0.022900763358778626 0.04263565891472868 
