0 0.9591194968553459 0.33860759493670883 0.03773584905660377 0.06962025316455696 
0 0.6367924528301887 0.03955696202531646 0.0330188679245283 0.06962025316455696 
0 0.5691823899371069 0.03955696202531646 0.03773584905660377 0.06962025316455696 
0 0.6415094339622641 0.13924050632911392 0.0330188679245283 0.06962025316455696 
3 0.5691823899371069 0.13924050632911392 0.03773584905660377 0.06962025316455696 
3 0.6415094339622641 0.47310126582278483 0.036163522012578615 0.06645569620253164 
0 0.7012578616352201 0.6012658227848101 0.06918238993710692 0.03322784810126582 
1 0.41823899371069184 0.48417721518987344 0.06918238993710692 0.05063291139240506 
0 0.5581761006289309 0.8987341772151899 0.03773584905660377 0.06962025316455696 
2 0.6383647798742138 0.8322784810126582 0.03773584905660377 0.03481012658227848 
5 0.3223270440251572 0.5806962025316456 0.11320754716981132 0.11234177215189874 
5 0.5550314465408805 0.5806962025316456 0.11163522012578617 0.11234177215189874 
4 0.9905660377358491 0.2974683544303797 0.08018867924528301 0.022151898734177215 
