5 0.07392197125256673 0.10504201680672269 0.07802874743326489 0.07563025210084033 
2 0.022587268993839837 0.35084033613445376 0.024640657084188913 0.025210084033613446 
2 0.19917864476386038 0.35084033613445376 0.024640657084188913 0.025210084033613446 
0 0.008213552361396304 0.4411764705882353 0.045174537987679675 0.025210084033613446 
5 0.002053388090349076 0.6239495798319328 0.07802874743326489 0.07563025210084033 
0 0.6817248459958932 0.16596638655462184 0.022587268993839837 0.046218487394957986 
0 0.6817248459958932 0.23529411764705882 0.024640657084188913 0.04831932773109244 
5 0.6242299794661191 0.05672268907563025 0.07392197125256673 0.07773109243697479 
5 0.47433264887063653 0.05672268907563025 0.07392197125256673 0.07773109243697479 
5 0.7885010266940452 0.3025210084033613 0.07392197125256673 0.07563025210084033 
