0 0.3967280163599182 0.553941908713693 0.049079754601226995 0.08921161825726141 
0 0.2331288343558282 0.07261410788381743 0.08997955010224949 0.04771784232365145 
0 0.3394683026584867 0.07468879668049792 0.08793456032719836 0.04564315352697095 
0 0.8159509202453987 0.13070539419087138 0.08997955010224949 0.04771784232365145 
0 0.7177914110429447 0.2095435684647303 0.04703476482617587 0.0912863070539419 
0 0.6155419222903885 0.4087136929460581 0.04703476482617587 0.0912863070539419 
0 0.7034764826175869 0.4896265560165975 0.08997955010224949 0.04771784232365145 
0 0.8220858895705522 0.491701244813278 0.08997955010224949 0.04771784232365145 
0 0.6155419222903885 0.5933609958506224 0.049079754601226995 0.0912863070539419 
0 0.3967280163599182 0.6721991701244814 0.04294478527607362 0.0912863070539419 
0 0.16768916155419222 0.504149377593361 0.049079754601226995 0.08921161825726141 
2 0.6155419222903885 0.3049792531120332 0.049079754601226995 0.04771784232365145 
2 0.9284253578732107 0.13070539419087138 0.049079754601226995 0.04771784232365145 
4 0.20245398773006135 0.44813278008298757 0.10429447852760736 0.029045643153526972 
5 0.39263803680981596 0.3962655601659751 0.147239263803681 0.15145228215767634 
5 0.49079754601226994 0.01867219917012448 0.147239263803681 0.14730290456431536 
