0 0.9708520179372198 0.5199115044247787 0.026905829596412557 0.048672566371681415 
3 0.9708520179372198 0.19469026548672566 0.026905829596412557 0.048672566371681415 
0 0.7399103139013453 0.31194690265486724 0.02466367713004484 0.048672566371681415 
0 0.6928251121076233 0.31194690265486724 0.026905829596412557 0.048672566371681415 
0 0.7443946188340808 0.3805309734513274 0.02466367713004484 0.048672566371681415 
3 0.6928251121076233 0.3805309734513274 0.026905829596412557 0.048672566371681415 
3 0.7443946188340808 0.6150442477876106 0.026905829596412557 0.046460176991150445 
0 0.7869955156950673 0.7035398230088495 0.04932735426008968 0.022123893805309734 
1 0.5852017937219731 0.6216814159292036 0.04932735426008968 0.035398230088495575 
0 0.6860986547085202 0.911504424778761 0.026905829596412557 0.048672566371681415 
2 0.742152466367713 0.8650442477876106 0.026905829596412557 0.024336283185840708 
0 0.16143497757847533 0.35176991150442477 0.04932735426008968 0.02654867256637168 
0 0.10538116591928251 0.39601769911504425 0.026905829596412557 0.048672566371681415 
0 0.0515695067264574 0.5022123893805309 0.026905829596412557 0.048672566371681415 
0 0.09865470852017937 0.5442477876106194 0.04932735426008968 0.02654867256637168 
0 0.16367713004484305 0.5464601769911505 0.04932735426008968 0.02654867256637168 
0 0.0515695067264574 0.5995575221238938 0.026905829596412557 0.048672566371681415 
2 0.0515695067264574 0.4446902654867257 0.026905829596412557 0.02654867256637168 
2 0.2219730941704036 0.35176991150442477 0.026905829596412557 0.02654867256637168 
5 0.5179372197309418 0.6880530973451328 0.08071748878923767 0.07964601769911504 
5 0.6816143497757847 0.6880530973451328 0.08071748878923767 0.07964601769911504 
4 0.9932735426008968 0.4911504424778761 0.05829596412556054 0.015486725663716814 
