0 0.39314516129032256 0.06525911708253358 0.02620967741935484 0.04222648752399232 
0 0.39314516129032256 0.2437619961612284 0.024193548387096774 0.04030710172744722 
2 0.44556451612903225 0.2648752399232246 0.024193548387096774 0.02111324376199616 
5 0.5362903225806451 0.0345489443378119 0.07258064516129033 0.0690978886756238 
5 0.8467741935483871 0.03838771593090211 0.07661290322580645 0.0690978886756238 
3 0.44556451612903225 0.4798464491362764 0.028225806451612902 0.04222648752399232 
0 0.40524193548387094 0.3838771593090211 0.04435483870967742 0.023032629558541268 
1 0.5866935483870968 0.4836852207293666 0.04435483870967742 0.0345489443378119 
5 0.5 0.5431861804222649 0.07258064516129033 0.0710172744721689 
5 0.6491935483870968 0.5431861804222649 0.07258064516129033 0.0710172744721689 
0 0.44556451612903225 0.5988483685220729 0.024193548387096774 0.04222648752399232 
0 0.44556451612903225 0.6583493282149712 0.024193548387096774 0.04222648752399232 
5 0.5504032258064516 0.7523992322456814 0.07661290322580645 0.0690978886756238 
5 0.5342741935483871 0.8944337811900192 0.07661290322580645 0.07293666026871401 
5 0.9858870967741935 0.5623800383877159 0.07661290322580645 0.0690978886756238 
0 0.9879032258064516 0.6353166986564299 0.02620967741935484 0.04222648752399232 
0 0.9657258064516129 0.8963531669865643 0.04435483870967742 0.023032629558541268 
