0 0.13693693693693693 0.5960854092526691 0.01981981981981982 0.03914590747330961 
0 0.13693693693693693 0.6548042704626335 0.021621621621621623 0.04092526690391459 
5 0.08648648648648649 0.50355871886121 0.06486486486486487 0.06583629893238434 
1 0.009009009009009009 0.4483985765124555 0.04144144144144144 0.030249110320284697 
3 0.13873873873873874 0.44483985765124556 0.021621621621621623 0.03914590747330961 
0 0.17297297297297298 0.35587188612099646 0.04144144144144144 0.021352313167259787 
2 0.13513513513513514 0.25444839857651247 0.021621621621621623 0.021352313167259787 
0 0.09009009009009009 0.22597864768683273 0.021621621621621623 0.037366548042704624 
5 0.23063063063063063 0.7117437722419929 0.06486486486486487 0.06405693950177936 
5 0.8234234234234235 0.9537366548042705 0.06486486486486487 0.06405693950177936 
2 0.9927927927927928 0.6263345195729537 0.021621621621621623 0.021352313167259787 
5 0.6864864864864865 0.1903914590747331 0.06486486486486487 0.06405693950177936 
5 0.790990990990991 0.21530249110320285 0.06666666666666667 0.06405693950177936 
5 0.4972972972972973 0.03558718861209965 0.06846846846846846 0.06405693950177936 
5 0.21621621621621623 0.03202846975088968 0.06486486486486487 0.06405693950177936 
0 0.09009009009009009 0.060498220640569395 0.021621621621621623 0.03914590747330961 
0 0.6864864864864865 0.25444839857651247 0.021621621621621623 0.03914590747330961 
