5 0.9899396378269618 0.4279835390946502 0.0744466800804829 0.07407407407407407 
0 0.9899396378269618 0.5020576131687243 0.02414486921529175 0.04526748971193416 
0 0.9899396378269618 0.5617283950617284 0.02414486921529175 0.04526748971193416 
0 0.8712273641851107 0.4835390946502058 0.02414486921529175 0.04526748971193416 
0 0.9094567404426559 0.28600823045267487 0.04225352112676056 0.024691358024691357 
0 0.9678068410462777 0.2880658436213992 0.04426559356136821 0.024691358024691357 
3 0.8712273641851107 0.18106995884773663 0.02414486921529175 0.04526748971193416 
0 0.6639839034205232 0.29012345679012347 0.022132796780684104 0.04526748971193416 
0 0.6217303822937625 0.29012345679012347 0.02414486921529175 0.04526748971193416 
0 0.6680080482897385 0.35390946502057613 0.022132796780684104 0.04526748971193416 
3 0.6217303822937625 0.35390946502057613 0.02414486921529175 0.04526748971193416 
3 0.6680080482897385 0.5720164609053497 0.02414486921529175 0.043209876543209874 
0 0.7062374245472837 0.654320987654321 0.04426559356136821 0.0205761316872428 
1 0.5251509054325956 0.5781893004115226 0.04426559356136821 0.03292181069958848 
0 0.6156941649899397 0.8477366255144033 0.02414486921529175 0.04526748971193416 
2 0.6659959758551308 0.8045267489711934 0.02414486921529175 0.02263374485596708 
0 0.1448692152917505 0.3271604938271605 0.04426559356136821 0.024691358024691357 
0 0.09456740442655935 0.3683127572016461 0.02414486921529175 0.04526748971193416 
0 0.04627766599597585 0.4670781893004115 0.02414486921529175 0.04526748971193416 
0 0.08853118712273642 0.5061728395061729 0.04426559356136821 0.024691358024691357 
0 0.14688128772635814 0.5082304526748971 0.04426559356136821 0.024691358024691357 
0 0.04627766599597585 0.5576131687242798 0.02414486921529175 0.04526748971193416 
2 0.04627766599597585 0.41358024691358025 0.02414486921529175 0.024691358024691357 
2 0.19919517102615694 0.3271604938271605 0.02414486921529175 0.024691358024691357 
5 0.4647887323943662 0.6399176954732511 0.07243460764587525 0.07407407407407407 
5 0.6116700201207244 0.6399176954732511 0.07243460764587525 0.07407407407407407 
4 0.8913480885311871 0.4567901234567901 0.052313883299798795 0.01440329218106996 
