5 0.9707792207792207 0.6677740863787376 0.17694805194805194 0.17940199335548174 
5 0.31655844155844154 0.18438538205980065 0.17694805194805194 0.17940199335548174 
0 0.9724025974025974 0.8637873754152824 0.05844155844155844 0.10963455149501661 
0 0.5373376623376623 0.8920265780730897 0.05844155844155844 0.10963455149501661 
0 0.6801948051948052 0.48006644518272423 0.05844155844155844 0.10465116279069768 
0 0.3181818181818182 0.36710963455149503 0.05844155844155844 0.1079734219269103 
0 0.31493506493506496 0.5083056478405316 0.05844155844155844 0.1079734219269103 
0 0.030844155844155844 0.32059800664451826 0.05844155844155844 0.10963455149501661 
0 0.7905844155844156 0.30564784053156147 0.10714285714285714 0.059800664451827246 
0 0.9285714285714286 0.30398671096345514 0.10714285714285714 0.06478405315614617 
0 0.685064935064935 0.1760797342192691 0.05844155844155844 0.10963455149501661 
0 0.8051948051948052 0.018272425249169437 0.05844155844155844 0.10963455149501661 
2 0.685064935064935 0.05149501661129568 0.05357142857142857 0.059800664451827246 
4 0.07792207792207792 0.2558139534883721 0.12337662337662338 0.03488372093023256 
