5 0.4609375 0.90625 0.072265625 0.0703125 
5 0.8984375 0.9296875 0.0703125 0.0703125 
0 0.4609375 0.9765625 0.0234375 0.04296875 
0 0.345703125 0.958984375 0.0234375 0.04296875 
0 0.650390625 0.953125 0.04296875 0.0234375 
0 0.70703125 0.953125 0.04296875 0.025390625 
0 0.609375 0.90234375 0.0234375 0.04296875 
0 0.65625 0.83984375 0.0234375 0.04296875 
0 0.705078125 0.802734375 0.04296875 0.0234375 
0 0.3828125 0.771484375 0.041015625 0.0234375 
0 0.439453125 0.7734375 0.04296875 0.0234375 
3 0.345703125 0.671875 0.0234375 0.04296875 
2 0.609375 0.853515625 0.021484375 0.0234375 
2 0.755859375 0.802734375 0.0234375 0.0234375 
0 0.14453125 0.775390625 0.021484375 0.04296875 
0 0.103515625 0.775390625 0.0234375 0.04296875 
0 0.1484375 0.8359375 0.021484375 0.04296875 
3 0.103515625 0.8359375 0.0234375 0.04296875 
5 0.54296875 0.751953125 0.07421875 0.0703125 
4 0.365234375 0.93359375 0.05078125 0.013671875 
