2 0.7574370709382151 0.9027149321266968 0.02745995423340961 0.027149321266968326 
0 0.700228832951945 0.8665158371040724 0.02745995423340961 0.04751131221719457 
5 0.8604118993135011 0.6199095022624435 0.08237986270022883 0.08144796380090498 
3 0.7597254004576659 0.049773755656108594 0.02745995423340961 0.04751131221719457 
0 0.8032036613272311 0.14027149321266968 0.05034324942791762 0.02262443438914027 
1 0.597254004576659 0.05656108597285068 0.05034324942791762 0.03619909502262444 
0 0.700228832951945 0.35294117647058826 0.02745995423340961 0.049773755656108594 
2 0.7574370709382151 0.3054298642533937 0.02745995423340961 0.024886877828054297 
0 0.700228832951945 0.5633484162895928 0.02745995423340961 0.049773755656108594 
0 0.700228832951945 0.6561085972850679 0.02745995423340961 0.049773755656108594 
0 0.05263157894736842 0.033936651583710405 0.02745995423340961 0.049773755656108594 
5 0.528604118993135 0.1244343891402715 0.08237986270022883 0.08144796380090498 
5 0.6956521739130435 0.1244343891402715 0.08237986270022883 0.08144796380090498 
