5 0.3698630136986301 0.7371225577264654 0.125 0.12788632326820604 
0 0.625 0.9484902309058615 0.0410958904109589 0.07460035523978685 
0 0.3698630136986301 0.8685612788632326 0.0410958904109589 0.0763765541740675 
0 0.3681506849315068 0.9698046181172292 0.0410958904109589 0.0763765541740675 
0 0.1678082191780822 0.8348134991119005 0.0410958904109589 0.07815275310834814 
0 0.702054794520548 0.8241563055062167 0.07534246575342465 0.04262877442273535 
0 0.7996575342465754 0.822380106571936 0.07534246575342465 0.046181172291296625 
0 0.6284246575342466 0.7317939609236235 0.0410958904109589 0.07815275310834814 
0 0.7123287671232876 0.6198934280639432 0.0410958904109589 0.07815275310834814 
0 0.7962328767123288 0.5506216696269982 0.07363013698630137 0.04085257548845471 
0 0.2328767123287671 0.4937833037300178 0.07191780821917808 0.04085257548845471 
0 0.3321917808219178 0.49733570159857904 0.07534246575342465 0.04085257548845471 
3 0.1678082191780822 0.3108348134991119 0.0410958904109589 0.07815275310834814 
2 0.6284246575342466 0.6429840142095915 0.03767123287671233 0.04262877442273535 
2 0.886986301369863 0.5506216696269982 0.0410958904109589 0.04085257548845471 
5 0.511986301369863 0.458259325044405 0.1284246575342466 0.1261101243339254 
4 0.20205479452054795 0.7886323268206039 0.08732876712328767 0.02486678507992895 
