5 0.634765625 0.814453125 0.140625 0.140625 
5 0.447265625 0.689453125 0.142578125 0.140625 
5 0.796875 0.361328125 0.140625 0.142578125 
0 0.990234375 0.671875 0.046875 0.087890625 
0 0.91796875 0.580078125 0.0859375 0.044921875 
0 0.447265625 0.84375 0.046875 0.0859375 
0 0.09765625 0.865234375 0.046875 0.0859375 
0 0.212890625 0.54296875 0.046875 0.08203125 
0 0.30078125 0.40625 0.0859375 0.046875 
0 0.412109375 0.404296875 0.0859375 0.05078125 
0 0.216796875 0.3046875 0.046875 0.0859375 
0 0.3125 0.181640625 0.046875 0.0859375 
0 0.408203125 0.10546875 0.083984375 0.044921875 
2 0.216796875 0.20703125 0.04296875 0.046875 
2 0.51171875 0.10546875 0.046875 0.044921875 
5 0.083984375 0.00390625 0.146484375 0.138671875 
