5 0.12890625 0.052734375 0.0703125 0.072265625 
5 0.033203125 0.265625 0.07421875 0.0703125 
5 0.017578125 0.41015625 0.07421875 0.07421875 
5 0.455078125 0.072265625 0.07421875 0.0703125 
5 0.5703125 0.09765625 0.07421875 0.0703125 
0 0.45703125 0.146484375 0.025390625 0.04296875 
2 0.521484375 0.326171875 0.0234375 0.0234375 
2 0.689453125 0.326171875 0.0234375 0.0234375 
0 0.435546875 0.412109375 0.04296875 0.0234375 
0 0.5078125 0.41015625 0.04296875 0.0234375 
5 0.501953125 0.580078125 0.07421875 0.0703125 
5 0.951171875 0.052734375 0.0703125 0.072265625 
