5 0.244140625 0.708984375 0.0703125 0.0703125 
5 0.357421875 0.736328125 0.072265625 0.0703125 
5 0.0390625 0.5390625 0.07421875 0.0703125 
5 0.318359375 0.158203125 0.0703125 0.0703125 
5 0.224609375 0.095703125 0.072265625 0.0703125 
5 0.59765625 0.134765625 0.07421875 0.0703125 
0 0.49609375 0.0859375 0.0234375 0.044921875 
0 0.458984375 0.0390625 0.04296875 0.0234375 
0 0.1171875 0.271484375 0.0234375 0.04296875 
0 0.224609375 0.171875 0.0234375 0.04296875 
0 0.048828125 0.18359375 0.0234375 0.04296875 
0 0.107421875 0.021484375 0.0234375 0.041015625 
0 0.244140625 0.779296875 0.0234375 0.04296875 
