0 0.057692307692307696 0.32209737827715357 0.04423076923076923 0.08052434456928839 
5 0.3019230769230769 0.1797752808988764 0.13653846153846153 0.1348314606741573 
5 0.4673076923076923 0.26217228464419473 0.13846153846153847 0.13295880149812733 
5 0.7288461538461538 0.054307116104868915 0.13846153846153847 0.13295880149812733 
0 0.8461538461538461 0.19662921348314608 0.08076923076923077 0.0449438202247191 
0 0.9115384615384615 0.3052434456928839 0.046153846153846156 0.07865168539325842 
0 0.3 0.31086142322097376 0.046153846153846156 0.08239700374531835 
0 0.19038461538461537 0.4887640449438202 0.046153846153846156 0.07865168539325842 
3 0.15576923076923077 0.8632958801498127 0.046153846153846156 0.08239700374531835 
5 0.46153846153846156 0.9756554307116105 0.13846153846153847 0.13295880149812733 
