0 0.34375 0.698943661971831 0.020833333333333332 0.03873239436619718 
0 0.3836805555555556 0.698943661971831 0.020833333333333332 0.03873239436619718 
3 0.34375 0.7535211267605634 0.022569444444444444 0.03873239436619718 
0 0.3836805555555556 0.7535211267605634 0.024305555555555556 0.040492957746478875 
3 0.3836805555555556 0.9401408450704225 0.020833333333333332 0.03697183098591549 
5 0.4322916666666667 0.9982394366197183 0.0625 0.06338028169014084 
5 0.5625 0.9964788732394366 0.06597222222222222 0.06514084507042253 
1 0.5069444444444444 0.9436619718309859 0.03819444444444445 0.02992957746478873 
0 0.8350694444444444 0.9102112676056338 0.020833333333333332 0.03873239436619718 
2 0.90625 0.05457746478873239 0.020833333333333332 0.02112676056338028 
0 0.2586805555555556 0.07042253521126761 0.020833333333333332 0.03873239436619718 
0 0.2586805555555556 0.13380281690140844 0.020833333333333332 0.03873239436619718 
0 0.6927083333333334 0.3767605633802817 0.020833333333333332 0.03873239436619718 
5 0.8020833333333334 0.30985915492957744 0.0625 0.06338028169014084 
5 0.8784722222222222 0.3485915492957746 0.0625 0.06338028169014084 
5 0.9965277777777778 0.25 0.0625 0.06338028169014084 
0 0.8020833333333334 0.3714788732394366 0.020833333333333332 0.03873239436619718 
0 0.7534722222222222 0.45598591549295775 0.020833333333333332 0.03697183098591549 
0 0.765625 0.7059859154929577 0.03819444444444445 0.02112676056338028 
0 0.8107638888888888 0.7077464788732394 0.03819444444444445 0.01936619718309859 
0 0.9704861111111112 0.7658450704225352 0.020833333333333332 0.03873239436619718 
3 0.7378472222222222 0.6302816901408451 0.020833333333333332 0.03873239436619718 
0 0.9288194444444444 0.8503521126760564 0.020833333333333332 0.03873239436619718 
0 0.9652777777777778 0.8838028169014085 0.03819444444444445 0.02112676056338028 
0 0.9288194444444444 0.9278169014084507 0.020833333333333332 0.03873239436619718 
0 0.8350694444444444 0.9612676056338029 0.019097222222222224 0.03873239436619718 
0 0.7378472222222222 0.8908450704225352 0.020833333333333332 0.03873239436619718 
2 0.9288194444444444 0.8045774647887324 0.020833333333333332 0.02112676056338028 
4 0.7534722222222222 0.8661971830985915 0.04513888888888889 0.01232394366197183 
5 0.8333333333333334 0.8433098591549296 0.0625 0.06338028169014084 
5 0.875 0.6830985915492958 0.0625 0.06338028169014084 
