0 0.37890625 0.521484375 0.046875 0.083984375 
0 0.22265625 0.068359375 0.0859375 0.044921875 
0 0.32421875 0.0703125 0.083984375 0.04296875 
0 0.779296875 0.123046875 0.0859375 0.044921875 
0 0.685546875 0.197265625 0.044921875 0.0859375 
0 0.587890625 0.384765625 0.044921875 0.0859375 
0 0.671875 0.4609375 0.0859375 0.044921875 
0 0.78515625 0.462890625 0.0859375 0.044921875 
0 0.587890625 0.55859375 0.046875 0.0859375 
0 0.37890625 0.6328125 0.041015625 0.0859375 
0 0.16015625 0.474609375 0.046875 0.083984375 
2 0.587890625 0.287109375 0.046875 0.044921875 
2 0.88671875 0.123046875 0.046875 0.044921875 
4 0.193359375 0.421875 0.099609375 0.02734375 
5 0.375 0.373046875 0.140625 0.142578125 
5 0.46875 0.017578125 0.140625 0.138671875 
