5 0.0906801007556675 0.816 0.09571788413098237 0.096 
0 0.836272040302267 0.8933333333333333 0.027707808564231738 0.058666666666666666 
0 0.836272040302267 0.9813333333333333 0.030226700251889168 0.06133333333333333 
5 0.7657430730478589 0.7546666666666667 0.0906801007556675 0.09866666666666667 
5 0.5818639798488665 0.7546666666666667 0.0906801007556675 0.09866666666666667 
1 0.6574307304785895 0.672 0.05793450881612091 0.04533333333333334 
3 0.8387909319899244 0.6666666666666666 0.030226700251889168 0.058666666666666666 
0 0.8866498740554156 0.5333333333333333 0.05793450881612091 0.032 
2 0.8337531486146096 0.38133333333333336 0.030226700251889168 0.032 
0 0.7707808564231738 0.33866666666666667 0.030226700251889168 0.056 
5 0.947103274559194 0.048 0.0906801007556675 0.096 
0 0.7707808564231738 0.09066666666666667 0.030226700251889168 0.058666666666666666 
