5 0.3870967741935484 0.7685185185185185 0.13082437275985664 0.13333333333333333 
0 0.6541218637992832 0.9888888888888889 0.043010752688172046 0.07777777777777778 
0 0.3870967741935484 0.9055555555555556 0.043010752688172046 0.07962962962962963 
0 0.17562724014336917 0.8703703703703703 0.043010752688172046 0.08148148148148149 
0 0.7347670250896058 0.8592592592592593 0.07885304659498207 0.044444444444444446 
0 0.8369175627240143 0.8574074074074074 0.07885304659498207 0.04814814814814815 
0 0.6577060931899642 0.762962962962963 0.043010752688172046 0.08148148148148149 
0 0.7455197132616488 0.6462962962962963 0.043010752688172046 0.08148148148148149 
0 0.8333333333333334 0.5740740740740741 0.07706093189964158 0.04259259259259259 
0 0.24372759856630824 0.5148148148148148 0.07526881720430108 0.04259259259259259 
0 0.34767025089605735 0.5185185185185185 0.07885304659498207 0.04259259259259259 
3 0.17562724014336917 0.32407407407407407 0.043010752688172046 0.08148148148148149 
2 0.6577060931899642 0.6703703703703704 0.03942652329749104 0.044444444444444446 
2 0.9283154121863799 0.5740740740740741 0.043010752688172046 0.04259259259259259 
5 0.53584229390681 0.4777777777777778 0.13440860215053763 0.13148148148148148 
4 0.2114695340501792 0.8222222222222222 0.0913978494623656 0.025925925925925925 
