1 0.8515497553017944 0.4911717495987159 0.07177814029363784 0.051364365971107544 
0 0.9967373572593801 0.9117174959871589 0.03915171288743882 0.07062600321027288 
0 0.233278955954323 0.10112359550561797 0.07177814029363784 0.03691813804173355 
0 0.15497553017944535 0.16211878009630817 0.037520391517128875 0.07062600321027288 
0 0.0734094616639478 0.3162118780096308 0.037520391517128875 0.07062600321027288 
0 0.14355628058727568 0.37881219903691815 0.07177814029363784 0.03691813804173355 
0 0.23817292006525284 0.38041733547351525 0.07177814029363784 0.03691813804173355 
0 0.0734094616639478 0.4590690208667737 0.03915171288743882 0.07062600321027288 
2 0.0734094616639478 0.23595505617977527 0.03915171288743882 0.03691813804173355 
2 0.32300163132137033 0.10112359550561797 0.03915171288743882 0.03691813804173355 
5 0.7520391517128875 0.5890850722311396 0.11745513866231648 0.11396468699839486 
5 0.9934747145187602 0.5890850722311396 0.11582381729200653 0.11396468699839486 
