5 0.14498933901918976 0.6828193832599119 0.08102345415778252 0.08149779735682819 
1 0.0767590618336887 0.6167400881057269 0.046908315565031986 0.037444933920704845 
0 0.47974413646055436 0.5748898678414097 0.0255863539445629 0.048458149779735685 
0 0.3795309168443497 0.006607929515418502 0.0255863539445629 0.046255506607929514 
0 0.39445628997867804 0.31938325991189426 0.046908315565031986 0.02643171806167401 
0 0.44989339019189767 0.32158590308370044 0.046908315565031986 0.024229074889867842 
0 0.6993603411513859 0.3502202643171806 0.046908315565031986 0.02643171806167401 
0 0.6460554371002132 0.394273127753304 0.0255863539445629 0.048458149779735685 
3 0.3603411513859275 0.22466960352422907 0.0255863539445629 0.048458149779735685 
0 0.5948827292110874 0.5 0.0255863539445629 0.048458149779735685 
0 0.6396588486140725 0.5418502202643172 0.046908315565031986 0.02643171806167401 
0 0.7014925373134329 0.5440528634361234 0.046908315565031986 0.02643171806167401 
0 0.5948827292110874 0.5969162995594713 0.0255863539445629 0.048458149779735685 
0 0.47974413646055436 0.6387665198237885 0.023454157782515993 0.048458149779735685 
0 0.3603411513859275 0.5506607929515418 0.0255863539445629 0.048458149779735685 
2 0.5948827292110874 0.44273127753303965 0.0255863539445629 0.02643171806167401 
2 0.7569296375266524 0.3502202643171806 0.0255863539445629 0.02643171806167401 
4 0.3795309168443497 0.5198237885462555 0.05543710021321962 0.015418502202643172 
5 0.47761194029850745 0.4911894273127753 0.0767590618336887 0.07929515418502203 
5 0.5287846481876333 0.2907488986784141 0.0767590618336887 0.07929515418502203 
