1 0.509765625 0.9921875 0.044921875 0.033203125 
3 0.650390625 0.98828125 0.0234375 0.04296875 
0 0.6875 0.890625 0.044921875 0.0234375 
2 0.646484375 0.779296875 0.0234375 0.0234375 
0 0.59765625 0.748046875 0.0234375 0.041015625 
5 0.734375 0.53515625 0.0703125 0.0703125 
0 0.9609375 0.033203125 0.0234375 0.04296875 
3 0.6484375 0.04296875 0.0234375 0.041015625 
0 0.685546875 0.12109375 0.04296875 0.01953125 
1 0.509765625 0.048828125 0.04296875 0.03125 
0 0.59765625 0.3046875 0.0234375 0.04296875 
2 0.646484375 0.263671875 0.0234375 0.021484375 
0 0.59765625 0.486328125 0.0234375 0.04296875 
0 0.59765625 0.56640625 0.0234375 0.04296875 
0 0.044921875 0.029296875 0.0234375 0.04296875 
5 0.451171875 0.107421875 0.0703125 0.0703125 
5 0.59375 0.107421875 0.0703125 0.0703125 
