5 0.351985559566787 0.6371527777777778 0.1967509025270758 0.1875 
0 0.7563176895306859 0.9461805555555556 0.06498194945848375 0.109375 
0 0.35379061371841153 0.828125 0.06498194945848375 0.11284722222222222 
0 0.35018050541516244 0.9756944444444444 0.06498194945848375 0.11284722222222222 
0 0.03429602888086643 0.7795138888888888 0.06498194945848375 0.11458333333333333 
0 0.8790613718411552 0.7638888888888888 0.11913357400722022 0.0625 
0 0.7617328519855595 0.6284722222222222 0.06498194945848375 0.11458333333333333 
0 0.8953068592057761 0.4635416666666667 0.06498194945848375 0.11458333333333333 
0 0.1371841155234657 0.2777777777777778 0.11371841155234658 0.06076388888888889 
0 0.29422382671480146 0.2829861111111111 0.11913357400722022 0.06076388888888889 
3 0.03429602888086643 0.012152777777777778 0.06498194945848375 0.11458333333333333 
2 0.7617328519855595 0.4982638888888889 0.05956678700361011 0.0625 
5 0.575812274368231 0.22569444444444445 0.20216606498194944 0.1857638888888889 
4 0.08664259927797834 0.7118055555555556 0.1371841155234657 0.036458333333333336 
