5 0.7840531561461794 0.2750865051903114 0.1212624584717608 0.1245674740484429 
0 0.9335548172757475 0.7664359861591695 0.03986710963455149 0.07612456747404844 
0 0.7840531561461794 0.4031141868512111 0.03986710963455149 0.07439446366782007 
0 0.782392026578073 0.5017301038062284 0.03986710963455149 0.07439446366782007 
0 0.5880398671096345 0.370242214532872 0.03986710963455149 0.07612456747404844 
0 0.6511627906976745 0.03806228373702422 0.06976744186046512 0.039792387543252594 
0 0.7475083056478405 0.04152249134948097 0.07308970099667775 0.039792387543252594 
0 0.24750830564784054 0.04325259515570934 0.03488372093023256 0.07612456747404844 
0 0.1760797342192691 0.04325259515570934 0.03986710963455149 0.07612456747404844 
0 0.25249169435215946 0.1522491349480969 0.03488372093023256 0.07612456747404844 
3 0.1760797342192691 0.1522491349480969 0.03986710963455149 0.07612456747404844 
3 0.25249169435215946 0.5173010380622838 0.03820598006644518 0.0726643598615917 
0 0.31561461794019935 0.657439446366782 0.07308970099667775 0.03633217993079585 
1 0.016611295681063124 0.5294117647058824 0.07308970099667775 0.05536332179930796 
0 0.1644518272425249 0.9826989619377162 0.03986710963455149 0.07612456747404844 
2 0.24916943521594684 0.9100346020761245 0.03986710963455149 0.03806228373702422 
5 0.1611295681063123 0.6349480968858131 0.11794019933554817 0.12283737024221453 
5 0.9219269102990033 0.0034602076124567475 0.12458471760797342 0.12283737024221453 
4 0.6212624584717608 0.32525951557093424 0.08471760797342193 0.02422145328719723 
