5 0.022935779816513763 0.042352941176470586 0.08256880733944955 0.08470588235294117 
5 0.3761467889908257 0.047058823529411764 0.0871559633027523 0.08470588235294117 
1 0.08027522935779817 0.5929411764705882 0.05045871559633028 0.042352941176470586 
5 0.15137614678899083 0.6658823529411765 0.08256880733944955 0.08705882352941176 
5 0.0389908256880734 0.9223529411764706 0.0871559633027523 0.08470588235294117 
5 0.5344036697247706 0.6894117647058824 0.0871559633027523 0.08470588235294117 
5 0.6697247706422018 0.72 0.0871559633027523 0.08470588235294117 
0 0.536697247706422 0.7788235294117647 0.02981651376146789 0.05176470588235294 
2 0.6123853211009175 0.9952941176470588 0.027522935779816515 0.02823529411764706 
2 0.8096330275229358 0.9952941176470588 0.027522935779816515 0.02823529411764706 
