0 0.07216494845360824 0.7093333333333334 0.03350515463917526 0.06133333333333333 
0 0.18298969072164947 0.6506666666666666 0.07731958762886598 0.04 
0 0.34536082474226804 0.6506666666666666 0.07731958762886598 0.042666666666666665 
0 0.538659793814433 0.6533333333333333 0.07731958762886598 0.04 
2 0.12886597938144329 0.6506666666666666 0.041237113402061855 0.04 
2 0.23195876288659795 0.6506666666666666 0.041237113402061855 0.037333333333333336 
0 0.4587628865979381 0.7066666666666667 0.03350515463917526 0.058666666666666666 
5 0.28865979381443296 0.47733333333333333 0.12628865979381443 0.13066666666666665 
5 0.770618556701031 0.37333333333333335 0.12886597938144329 0.13066666666666665 
5 0.9510309278350515 0.37333333333333335 0.12628865979381443 0.13066666666666665 
5 0.28865979381443296 0.9013333333333333 0.12628865979381443 0.13066666666666665 
