0 0.1206611570247934 0.18456375838926176 0.0743801652892562 0.03691275167785235 
0 0.2413223140495868 0.23825503355704697 0.03305785123966942 0.05704697986577181 
0 0.4677685950413223 0.18456375838926176 0.0743801652892562 0.03691275167785235 
2 0.4214876033057851 0.18288590604026847 0.03966942148760331 0.04194630872483222 
2 0.5190082644628099 0.18456375838926176 0.03636363636363636 0.040268456375838924 
0 0.7140495867768595 0.18456375838926176 0.0743801652892562 0.03691275167785235 
0 0.6297520661157024 0.23825503355704697 0.03471074380165289 0.05704697986577181 
0 0.6082644628099173 0.6409395973154363 0.07272727272727272 0.040268456375838924 
0 0.37355371900826445 0.697986577181208 0.03305785123966942 0.05536912751677853 
4 0.5685950413223141 0.6157718120805369 0.026446280991735537 0.09899328859060402 
5 0.5619834710743802 0.05201342281879195 0.12231404958677686 0.12416107382550336 
