6 0.0392156862745098 0.7263922518159807 0.02696078431372549 0.01694915254237288 
6 0.0392156862745098 0.7796610169491526 0.02696078431372549 0.01694915254237288 
6 0.012254901960784314 0.8329297820823245 0.024509803921568627 0.03631961259079903 
2 0.012254901960784314 0.87409200968523 0.0196078431372549 0.01694915254237288 
6 0.8799019607843137 0.5665859564164649 0.03431372549019608 0.021791767554479417 
6 0.7941176470588235 0.6682808716707022 0.024509803921568627 0.03389830508474576 
6 0.7941176470588235 0.8062953995157385 0.024509803921568627 0.03389830508474576 
6 0.821078431372549 0.7578692493946732 0.02696078431372549 0.01694915254237288 
4 0.8088235294117647 0.7167070217917676 0.04656862745098039 0.014527845036319613 
5 0.9313725490196079 0.5181598062953995 0.061274509803921566 0.06053268765133172 
