0 0.595703125 0.142578125 0.05859375 0.029296875 
0 0.380859375 0.41796875 0.03125 0.05859375 
0 0.689453125 0.185546875 0.025390625 0.044921875 
0 0.869140625 0.142578125 0.05859375 0.029296875 
2 0.83203125 0.140625 0.03125 0.033203125 
2 0.908203125 0.142578125 0.029296875 0.03125 
0 0.99609375 0.185546875 0.02734375 0.044921875 
0 0.98046875 0.498046875 0.056640625 0.03125 
0 0.794921875 0.541015625 0.025390625 0.04296875 
4 0.94921875 0.4765625 0.021484375 0.076171875 
5 0.943359375 0.0390625 0.095703125 0.095703125 
