0 0.029978586723768737 0.5448851774530271 0.014989293361884369 0.022964509394572025 
0 0.07494646680942184 0.5219206680584552 0.032119914346895075 0.014613778705636743 
0 0.14346895074946467 0.5219206680584552 0.032119914346895075 0.016701461377870562 
0 0.22483940042826553 0.5219206680584552 0.032119914346895075 0.014613778705636743 
2 0.05353319057815846 0.5219206680584552 0.017130620985010708 0.014613778705636743 
2 0.09635974304068523 0.5219206680584552 0.017130620985010708 0.014613778705636743 
0 0.1905781584582441 0.5427974947807933 0.014989293361884369 0.022964509394572025 
0 0.019271948608137045 0.7098121085594989 0.014989293361884369 0.022964509394572025 
0 0.145610278372591 0.6889352818371608 0.032119914346895075 0.014613778705636743 
0 0.22269807280513917 0.6889352818371608 0.032119914346895075 0.016701461377870562 
0 0.18843683083511778 0.7098121085594989 0.014989293361884369 0.022964509394572025 
0 0.07708779443254818 0.6889352818371608 0.029978586723768737 0.014613778705636743 
2 0.055674518201284794 0.6889352818371608 0.017130620985010708 0.016701461377870562 
2 0.09635974304068523 0.6889352818371608 0.017130620985010708 0.016701461377870562 
5 0.11991434689507495 0.4551148225469729 0.05353319057815846 0.05219206680584551 
5 0.32119914346895073 0.4133611691022965 0.05353319057815846 0.05219206680584551 
5 0.39400428265524623 0.4133611691022965 0.05353319057815846 0.05219206680584551 
5 0.11991434689507495 0.6200417536534447 0.05353319057815846 0.05219206680584551 
5 0.07708779443254818 0.7536534446764092 0.05353319057815846 0.05219206680584551 
0 0.961456102783726 0.9895615866388309 0.014989293361884369 0.031315240083507306 
