0 0.5833333333333334 0.07773109243697479 0.03125 0.014705882352941176 
0 0.4708333333333333 0.22478991596638656 0.016666666666666666 0.031512605042016806 
0 0.6354166666666666 0.09873949579831932 0.014583333333333334 0.023109243697478993 
0 0.7291666666666666 0.07773109243697479 0.03125 0.014705882352941176 
2 0.7104166666666667 0.07563025210084033 0.016666666666666666 0.01680672268907563 
2 0.7520833333333333 0.07773109243697479 0.014583333333333334 0.01680672268907563 
0 0.8333333333333334 0.07773109243697479 0.03125 0.014705882352941176 
0 0.7979166666666667 0.09873949579831932 0.014583333333333334 0.023109243697478993 
0 0.7895833333333333 0.2668067226890756 0.03125 0.01680672268907563 
0 0.6895833333333333 0.2920168067226891 0.014583333333333334 0.023109243697478993 
0 0.1625 0.22268907563025211 0.014583333333333334 0.029411764705882353 
4 0.7729166666666667 0.25630252100840334 0.010416666666666666 0.04201680672268908 
5 0.76875 0.02100840336134454 0.052083333333333336 0.052521008403361345 
