6 0.509765625 0.078125 0.01953125 0.02734375 
6 0.056640625 0.197265625 0.02734375 0.017578125 
6 0.005859375 0.45703125 0.015625 0.021484375 
2 0.119140625 0.4765625 0.015625 0.013671875 
6 0.169921875 0.478515625 0.02734375 0.017578125 
6 0.2265625 0.45703125 0.015625 0.021484375 
6 0.0234375 0.560546875 0.02734375 0.017578125 
6 0.091796875 0.5390625 0.013671875 0.021484375 
6 0.29296875 0.33203125 0.029296875 0.017578125 
6 0.451171875 0.4765625 0.02734375 0.017578125 
2 0.478515625 0.478515625 0.015625 0.015625 
6 0.521484375 0.45703125 0.015625 0.021484375 
2 0.076171875 0.197265625 0.015625 0.013671875 
5 0.091796875 0.162109375 0.048828125 0.048828125 
5 0.091796875 0.2734375 0.048828125 0.048828125 
0 0.056640625 0.33203125 0.02734375 0.013671875 
2 0.0390625 0.33203125 0.013671875 0.015625 
2 0.076171875 0.33203125 0.013671875 0.013671875 
5 0.41015625 0.435546875 0.048828125 0.048828125 
5 0.125 0.00390625 0.048828125 0.048828125 
4 0.119140625 0.548828125 0.009765625 0.0390625 
