5 0.23828125 0.013671875 0.09765625 0.095703125 
5 0.240234375 0.115234375 0.095703125 0.095703125 
5 0.822265625 0.095703125 0.095703125 0.095703125 
5 0.240234375 0.53125 0.095703125 0.09765625 
5 0.8203125 0.509765625 0.095703125 0.095703125 
5 0.087890625 0.84375 0.09765625 0.09375 
1 0.015625 0.9609375 0.037109375 0.029296875 
0 0.71484375 0.63671875 0.052734375 0.029296875 
0 0.71484375 0.220703125 0.052734375 0.029296875 
0 0.07421875 0.63671875 0.052734375 0.029296875 
0 0.07421875 0.220703125 0.052734375 0.029296875 
