0 0.7015590200445434 0.028985507246376812 0.051224944320712694 0.026915113871635612 
0 0.7416481069042317 0.18219461697722567 0.051224944320712694 0.028985507246376812 
0 0.7015590200445434 0.33540372670807456 0.051224944320712694 0.026915113871635612 
5 0.45879732739420936 0.14492753623188406 0.09131403118040089 0.08488612836438923 
0 0.3585746102449889 0.2567287784679089 0.053452115812917596 0.028985507246376812 
0 0.7015590200445434 0.484472049689441 0.051224944320712694 0.031055900621118012 
1 0.7015590200445434 0.6790890269151139 0.051224944320712694 0.037267080745341616 
5 0.5189309576837416 0.7101449275362319 0.09131403118040089 0.08488612836438923 
0 0.35634743875278396 0.8033126293995859 0.053452115812917596 0.028985507246376812 
1 0.2583518930957684 0.5921325051759835 0.035634743875278395 0.026915113871635612 
