0 0.4759916492693111 0.008456659619450317 0.014613778705636743 0.023255813953488372 
0 0.5636743215031316 0.010570824524312896 0.014613778705636743 0.023255813953488372 
0 0.7202505219206681 0.008456659619450317 0.014613778705636743 0.023255813953488372 
0 0.430062630480167 0.15644820295983086 0.031315240083507306 0.014799154334038054 
0 0.5073068893528184 0.15644820295983086 0.031315240083507306 0.014799154334038054 
0 0.4759916492693111 0.17758985200845667 0.014613778705636743 0.023255813953488372 
0 0.5532359081419624 0.17758985200845667 0.014613778705636743 0.023255813953488372 
0 0.6764091858037579 0.15644820295983086 0.031315240083507306 0.014799154334038054 
0 0.7515657620041754 0.15644820295983086 0.031315240083507306 0.016913319238900635 
0 0.7181628392484343 0.17758985200845667 0.014613778705636743 0.023255813953488372 
0 0.6096033402922756 0.15644820295983086 0.029227557411273485 0.014799154334038054 
2 0.5887265135699373 0.15644820295983086 0.016701461377870562 0.016913319238900635 
2 0.6283924843423799 0.15644820295983086 0.016701461377870562 0.016913319238900635 
5 0.651356993736952 0.08668076109936575 0.05219206680584551 0.052854122621564484 
5 0.6096033402922756 0.2219873150105708 0.05219206680584551 0.052854122621564484 
5 0.9331941544885177 0.9323467230443975 0.05219206680584551 0.052854122621564484 
0 0.5323590814196242 0.5919661733615222 0.016701461377870562 0.02748414376321353 
4 0.9853862212943633 0.5813953488372093 0.04175365344467641 0.010570824524312896 
