5 0.48223350253807107 0.06281407035175879 0.06345177664974619 0.06281407035175879 
5 0.4796954314720812 0.12814070351758794 0.06345177664974619 0.06281407035175879 
5 0.8578680203045685 0.11557788944723618 0.06345177664974619 0.06281407035175879 
5 0.4796954314720812 0.32914572864321606 0.06345177664974619 0.06281407035175879 
5 0.4796954314720812 0.3944723618090452 0.06345177664974619 0.06281407035175879 
5 0.8578680203045685 0.38190954773869346 0.06345177664974619 0.06281407035175879 
5 0.4796954314720812 0.6633165829145728 0.06345177664974619 0.06281407035175879 
5 0.8578680203045685 0.6507537688442211 0.06345177664974619 0.06281407035175879 
5 0.383248730964467 0.864321608040201 0.06345177664974619 0.06030150753768844 
1 0.3350253807106599 0.9396984924623115 0.025380710659898477 0.017587939698492462 
1 0.7233502538071066 0.964824120603015 0.025380710659898477 0.020100502512562814 
0 0.7893401015228426 0.7311557788944724 0.03553299492385787 0.017587939698492462 
0 0.7893401015228426 0.4623115577889447 0.03553299492385787 0.017587939698492462 
0 0.3730964467005076 0.7311557788944724 0.03553299492385787 0.017587939698492462 
0 0.3730964467005076 0.4623115577889447 0.03553299492385787 0.017587939698492462 
0 0.3730964467005076 0.19597989949748743 0.03553299492385787 0.017587939698492462 
0 0.7918781725888325 0.19597989949748743 0.03553299492385787 0.017587939698492462 
