6 0.11328125 0.39453125 0.0546875 0.037109375 
6 0.01171875 0.912109375 0.03125 0.044921875 
2 0.240234375 0.955078125 0.03125 0.02734375 
6 0.33984375 0.95703125 0.0546875 0.037109375 
6 0.451171875 0.9140625 0.03125 0.04296875 
6 0.5859375 0.666015625 0.05859375 0.037109375 
6 0.90234375 0.955078125 0.0546875 0.037109375 
2 0.958984375 0.95703125 0.03125 0.03125 
2 0.15234375 0.39453125 0.03125 0.029296875 
5 0.18359375 0.326171875 0.095703125 0.09765625 
5 0.18359375 0.548828125 0.095703125 0.095703125 
0 0.115234375 0.666015625 0.0546875 0.02734375 
2 0.076171875 0.666015625 0.029296875 0.03125 
2 0.154296875 0.666015625 0.029296875 0.029296875 
5 0.822265625 0.873046875 0.095703125 0.095703125 
5 0.25 0.0078125 0.095703125 0.09765625 
