6 0.009157509157509158 0.5211267605633803 0.018315018315018316 0.02464788732394366 
2 0.027472527472527472 0.3609154929577465 0.01282051282051282 0.014084507042253521 
6 0.06776556776556776 0.34330985915492956 0.014652014652014652 0.017605633802816902 
6 0.1336996336996337 0.3609154929577465 0.02564102564102564 0.014084507042253521 
6 0.020146520146520148 0.8626760563380281 0.014652014652014652 0.01936619718309859 
6 0.510989010989011 0.8080985915492958 0.027472527472527472 0.01584507042253521 
6 0.5879120879120879 0.7887323943661971 0.014652014652014652 0.01936619718309859 
3 0.652014652014652 0.8080985915492958 0.02564102564102564 0.01232394366197183 
6 0.7032967032967034 0.7887323943661971 0.01282051282051282 0.017605633802816902 
6 0.7417582417582418 0.8080985915492958 0.02564102564102564 0.017605633802816902 
2 0.009157509157509158 0.3785211267605634 0.014652014652014652 0.014084507042253521 
5 0.6227106227106227 0.7588028169014085 0.045787545787545784 0.04401408450704225 
