6 0.12310286677908938 0.7112561174551386 0.03709949409780776 0.024469820554649267 
6 0.15851602023608768 0.7601957585644372 0.03035413153456998 0.04567699836867863 
6 0.448566610455312 0.964110929853181 0.03372681281618887 0.04567699836867863 
2 0.4806070826306914 0.6688417618270799 0.025295109612141653 0.026101141924959218 
6 0.5581787521079258 0.636215334420881 0.026981450252951095 0.03425774877650897 
6 0.6779089376053963 0.6704730831973899 0.047217537942664416 0.02773246329526917 
6 0.3288364249578415 0.34910277324632955 0.026981450252951095 0.03588907014681892 
2 0.448566610455312 0.7014681892332789 0.026981450252951095 0.026101141924959218 
5 0.3760539629005059 0.601957585644372 0.08431703204047218 0.08156606851549755 
2 0.19224283305227655 0.38499184339314846 0.026981450252951095 0.024469820554649267 
2 0.16020236087689713 0.4159869494290375 0.023608768971332208 0.022838499184339316 
6 0.42327150084317033 0.38499184339314846 0.047217537942664416 0.03099510603588907 
5 0.0893760539629005 0.31484502446982054 0.08263069139966273 0.08156606851549755 
