2 0.728515625 0.3125 0.013671875 0.025390625 
3 0.728515625 0.294921875 0.013671875 0.013671875 
6 0.728515625 0.396484375 0.017578125 0.029296875 
6 0.822265625 0.42578125 0.021484375 0.013671875 
6 0.841796875 0.455078125 0.017578125 0.02734375 
6 0.939453125 0.208984375 0.015625 0.021484375 
6 0.556640625 0.697265625 0.02734375 0.017578125 
6 0.357421875 0.83203125 0.02734375 0.017578125 
6 0.412109375 0.810546875 0.015625 0.021484375 
6 0.505859375 0.95703125 0.015625 0.021484375 
2 0.619140625 0.9765625 0.015625 0.013671875 
6 0.669921875 0.978515625 0.02734375 0.017578125 
6 0.7265625 0.95703125 0.015625 0.021484375 
6 0.79296875 0.83203125 0.029296875 0.017578125 
6 0.951171875 0.9765625 0.02734375 0.017578125 
2 0.978515625 0.978515625 0.015625 0.015625 
2 0.576171875 0.697265625 0.015625 0.013671875 
5 0.591796875 0.662109375 0.048828125 0.048828125 
5 0.591796875 0.7734375 0.048828125 0.048828125 
0 0.556640625 0.83203125 0.02734375 0.013671875 
2 0.5390625 0.83203125 0.013671875 0.015625 
2 0.576171875 0.83203125 0.013671875 0.013671875 
5 0.91015625 0.935546875 0.048828125 0.048828125 
5 0.625 0.50390625 0.048828125 0.048828125 
5 0.96875 0.361328125 0.048828125 0.048828125 
2 0.861328125 0.23046875 0.015625 0.013671875 
2 0.84375 0.25 0.013671875 0.013671875 
6 0.99609375 0.23046875 0.02734375 0.017578125 
5 0.80078125 0.1875 0.048828125 0.048828125 
