0 0.10224438902743142 0.036939313984168866 0.04987531172069826 0.08970976253298153 
0 0.6633416458852868 0.03430079155672823 0.04987531172069826 0.0870712401055409 
0 0.06982543640897755 0.6675461741424802 0.04987531172069826 0.0870712401055409 
0 0.5062344139650873 0.58311345646438 0.11221945137157108 0.05804749340369393 
0 0.7780548628428927 0.58311345646438 0.11221945137157108 0.06596306068601583 
0 0.6608478802992519 0.6675461741424802 0.05236907730673317 0.0870712401055409 
0 0.26683291770573564 0.58311345646438 0.10224438902743142 0.05804749340369393 
2 0.19451371571072318 0.58311345646438 0.059850374064837904 0.0633245382585752 
2 0.33665835411471323 0.5857519788918206 0.059850374064837904 0.0633245382585752 
5 0.42144638403990026 0.32717678100263853 0.18453865336658354 0.19525065963060687 
5 0.26683291770573564 0.8337730870712401 0.18453865336658354 0.19788918205804748 
