5 0.34271523178807944 0.9563812600969306 0.06788079470198675 0.06623586429725363 
0 0.22350993377483444 0.7350565428109854 0.0380794701986755 0.0210016155088853 
5 0.3443708609271523 0.6607431340872375 0.0695364238410596 0.06623586429725363 
5 0.3443708609271523 0.5880452342487884 0.06788079470198675 0.06623586429725363 
0 0.22350993377483444 0.4410339256865913 0.0380794701986755 0.022617124394184167 
5 0.34271523178807944 0.3667205169628433 0.06788079470198675 0.06785137318255251 
5 0.3443708609271523 0.2940226171243942 0.06788079470198675 0.06623586429725363 
5 0.7649006622516556 0.3505654281098546 0.06788079470198675 0.06623586429725363 
0 0.6887417218543046 0.4410339256865913 0.039735099337748346 0.0210016155088853 
0 0.6903973509933775 0.7334410339256866 0.039735099337748346 0.0210016155088853 
5 0.7665562913907285 0.6462035541195477 0.06788079470198675 0.06623586429725363 
0 0.945364238410596 0.6429725363489499 0.0380794701986755 0.0210016155088853 
0 0.945364238410596 0.7318255250403877 0.0380794701986755 0.0210016155088853 
0 0.945364238410596 0.8497576736672051 0.0380794701986755 0.0210016155088853 
0 0.9751655629139073 0.9693053311793215 0.0380794701986755 0.022617124394184167 
5 0.7649006622516556 0.9402261712439418 0.06788079470198675 0.06623586429725363 
