0 0.0546875 0.595703125 0.013671875 0.029296875 
0 0.40234375 0.595703125 0.015625 0.029296875 
0 0.49609375 0.484375 0.029296875 0.013671875 
0 0.54296875 0.505859375 0.013671875 0.021484375 
0 0.6328125 0.484375 0.029296875 0.01171875 
0 0.76953125 0.484375 0.029296875 0.015625 
0 0.732421875 0.505859375 0.013671875 0.021484375 
0 0.619140625 0.626953125 0.029296875 0.013671875 
4 0.603515625 0.615234375 0.009765625 0.0390625 
0 0.51953125 0.646484375 0.01171875 0.021484375 
2 0.61328125 0.484375 0.013671875 0.015625 
2 0.65234375 0.484375 0.013671875 0.015625 
5 0.66796875 0.435546875 0.048828125 0.048828125 
