2 0.185546875 0.439453125 0.041015625 0.078125 
3 0.18359375 0.3828125 0.04296875 0.04296875 
6 0.185546875 0.6875 0.052734375 0.0859375 
6 0.46484375 0.779296875 0.064453125 0.04296875 
6 0.525390625 0.865234375 0.052734375 0.08203125 
6 0.8203125 0.126953125 0.046875 0.064453125 
5 0.904296875 0.58203125 0.146484375 0.146484375 
2 0.583984375 0.189453125 0.046875 0.04296875 
2 0.529296875 0.248046875 0.041015625 0.041015625 
6 0.986328125 0.189453125 0.08203125 0.0546875 
5 0.404296875 0.064453125 0.14453125 0.146484375 
