5 0.1726315789473684 0.10087719298245613 0.05263157894736842 0.05482456140350877 
5 0.1726315789473684 0.3333333333333333 0.05263157894736842 0.05482456140350877 
5 0.1726315789473684 0.5679824561403509 0.05263157894736842 0.05482456140350877 
5 0.20421052631578948 0.9166666666666666 0.05473684210526316 0.05482456140350877 
0 0.11368421052631579 0.9758771929824561 0.029473684210526315 0.017543859649122806 
1 0.061052631578947365 0.8421052631578947 0.021052631578947368 0.017543859649122806 
1 0.30736842105263157 0.8969298245614035 0.029473684210526315 0.02412280701754386 
0 0.30736842105263157 0.7763157894736842 0.029473684210526315 0.017543859649122806 
0 0.30736842105263157 0.6842105263157895 0.029473684210526315 0.015350877192982455 
0 0.11578947368421053 0.6381578947368421 0.029473684210526315 0.015350877192982455 
0 0.32842105263157895 0.5899122807017544 0.031578947368421054 0.015350877192982455 
0 0.30736842105263157 0.49780701754385964 0.031578947368421054 0.017543859649122806 
0 0.30736842105263157 0.40350877192982454 0.031578947368421054 0.017543859649122806 
0 0.30736842105263157 0.3355263157894737 0.029473684210526315 0.015350877192982455 
0 0.11578947368421053 0.40350877192982454 0.029473684210526315 0.015350877192982455 
0 0.11789473684210526 0.17105263157894737 0.029473684210526315 0.015350877192982455 
