0 0.04896907216494845 0.155 0.020618556701030927 0.035 
0 0.5051546391752577 0.115 0.01804123711340206 0.0375 
2 0.4175257731958763 0.1625 0.01804123711340206 0.0175 
0 0.7319587628865979 0.1225 0.01804123711340206 0.0375 
0 0.06443298969072164 0.9475 0.01804123711340206 0.0325 
2 0.42010309278350516 0.96 0.01804123711340206 0.02 
0 0.5721649484536082 0.915 0.020618556701030927 0.0375 
0 0.8608247422680413 0.905 0.01804123711340206 0.035 
5 0.5051546391752577 0.04 0.06443298969072164 0.0625 
5 0.04896907216494845 0.075 0.06443298969072164 0.0625 
5 0.5721649484536082 0.845 0.06443298969072164 0.0625 
5 0.06443298969072164 0.875 0.06443298969072164 0.065 
