0 0.051756007393715345 0.49906191369606 0.024029574861367836 0.043151969981238276 
0 0.13123844731977818 0.45778611632270166 0.05545286506469501 0.028142589118198873 
0 0.2476894639556377 0.45778611632270166 0.05545286506469501 0.0300187617260788 
0 0.38632162661737524 0.4596622889305816 0.05545286506469501 0.028142589118198873 
2 0.09242144177449169 0.45778611632270166 0.029574861367837338 0.028142589118198873 
2 0.16635859519408502 0.45778611632270166 0.029574861367837338 0.02626641651031895 
0 0.3290203327171904 0.4971857410881801 0.024029574861367836 0.04127579737335835 
0 0.03512014787430684 0.797373358348968 0.024029574861367836 0.04127579737335835 
0 0.24953789279112754 0.7560975609756098 0.05545286506469501 0.028142589118198873 
0 0.3844731977818854 0.7560975609756098 0.05545286506469501 0.03189493433395872 
0 0.32717190388170053 0.797373358348968 0.025878003696857672 0.04127579737335835 
0 0.13123844731977818 0.7560975609756098 0.04990757855822551 0.028142589118198873 
2 0.09611829944547134 0.7560975609756098 0.029574861367837338 0.0300187617260788 
2 0.16635859519408502 0.7579737335834896 0.029574861367837338 0.0300187617260788 
5 0.20702402957486138 0.33583489681050654 0.09057301293900184 0.09193245778611632 
5 0.5526802218114603 0.2626641651031895 0.09242144177449169 0.09193245778611632 
5 0.6820702402957486 0.2626641651031895 0.09057301293900184 0.09193245778611632 
5 0.20702402957486138 0.6341463414634146 0.09057301293900184 0.09193245778611632 
5 0.13123844731977818 0.8761726078799249 0.09057301293900184 0.09380863039399624 
