2 0.18446601941747573 0.43520309477756286 0.040776699029126215 0.07736943907156674 
3 0.1825242718446602 0.379110251450677 0.04271844660194175 0.0425531914893617 
6 0.18446601941747573 0.6808510638297872 0.05242718446601942 0.0851063829787234 
6 0.4621359223300971 0.7717601547388782 0.06407766990291262 0.0425531914893617 
6 0.5223300970873787 0.8568665377176016 0.05242718446601942 0.08123791102514506 
6 0.8155339805825242 0.12572533849129594 0.04660194174757282 0.06382978723404255 
5 0.8990291262135922 0.5764023210831721 0.14563106796116504 0.1450676982591876 
2 0.5805825242718446 0.18762088974854932 0.04660194174757282 0.0425531914893617 
2 0.5262135922330097 0.24564796905222436 0.040776699029126215 0.04061895551257253 
6 0.9805825242718447 0.18762088974854932 0.08155339805825243 0.05415860735009671 
5 0.40194174757281553 0.06382978723404255 0.1436893203883495 0.1450676982591876 
