0 0.04793028322440087 0.5441176470588235 0.015250544662309368 0.023109243697478993 
0 0.14814814814814814 0.5210084033613446 0.032679738562091505 0.012605042016806723 
0 0.3006535947712418 0.5210084033613446 0.032679738562091505 0.01680672268907563 
0 0.25925925925925924 0.5441176470588235 0.015250544662309368 0.023109243697478993 
0 0.1328976034858388 0.6743697478991597 0.032679738562091505 0.014705882352941176 
4 0.11546840958605664 0.6617647058823529 0.010893246187363835 0.04201680672268908 
0 0.02178649237472767 0.6953781512605042 0.013071895424836602 0.023109243697478993 
2 0.12636165577342048 0.5210084033613446 0.015250544662309368 0.01680672268907563 
2 0.16993464052287582 0.5210084033613446 0.015250544662309368 0.01680672268907563 
5 0.18736383442265794 0.4684873949579832 0.054466230936819175 0.052521008403361345 
