6 0.6962305986696231 0.4488888888888889 0.06208425720620843 0.042222222222222223 
6 0.24611973392461198 0.7555555555555555 0.06208425720620843 0.04 
6 0.36807095343680707 0.7088888888888889 0.03547671840354767 0.051111111111111114 
2 0.7405764966740577 0.4488888888888889 0.03547671840354767 0.03333333333333333 
5 0.7760532150776053 0.3711111111111111 0.10864745011086474 0.1111111111111111 
5 0.7760532150776053 0.6244444444444445 0.10864745011086474 0.10888888888888888 
0 0.6984478935698448 0.7577777777777778 0.06208425720620843 0.03111111111111111 
2 0.6541019955654102 0.7577777777777778 0.03325942350332594 0.035555555555555556 
2 0.7427937915742794 0.7577777777777778 0.03325942350332594 0.03333333333333333 
5 0.8514412416851441 0.008888888888888889 0.10864745011086474 0.1111111111111111 
