0 0.15631691648822268 0.22727272727272727 0.09635974304068523 0.045454545454545456 
0 0.31263383297644537 0.29338842975206614 0.042826552462526764 0.07024793388429752 
0 0.6059957173447538 0.22727272727272727 0.09635974304068523 0.045454545454545456 
2 0.5460385438972163 0.22520661157024793 0.05139186295503212 0.05165289256198347 
2 0.6723768736616702 0.22727272727272727 0.047109207708779445 0.049586776859504134 
0 0.9250535331905781 0.22727272727272727 0.09635974304068523 0.045454545454545456 
0 0.815845824411135 0.29338842975206614 0.044967880085653104 0.07024793388429752 
0 0.7880085653104925 0.7892561983471075 0.09421841541755889 0.049586776859504134 
0 0.48394004282655245 0.859504132231405 0.042826552462526764 0.06818181818181818 
4 0.7366167023554604 0.7582644628099173 0.034261241970021415 0.12190082644628099 
5 0.728051391862955 0.0640495867768595 0.15845824411134904 0.15289256198347106 
