0 0.11556603773584906 0.18114143920595532 0.07075471698113207 0.03722084367245657 
0 0.22877358490566038 0.23573200992555832 0.030660377358490566 0.05707196029776675 
0 0.44575471698113206 0.18114143920595532 0.07075471698113207 0.03722084367245657 
2 0.4009433962264151 0.17866004962779156 0.03773584905660377 0.04218362282878412 
2 0.49292452830188677 0.18114143920595532 0.03537735849056604 0.03970223325062035 
0 0.6792452830188679 0.18114143920595532 0.07075471698113207 0.03722084367245657 
0 0.5990566037735849 0.23573200992555832 0.0330188679245283 0.05707196029776675 
0 0.5801886792452831 0.6327543424317618 0.06839622641509434 0.03970223325062035 
0 0.3561320754716981 0.6873449131513648 0.030660377358490566 0.05459057071960298 
4 0.5424528301886793 0.6054590570719603 0.025943396226415096 0.0967741935483871 
5 0.535377358490566 0.04962779156327544 0.11556603773584906 0.12158808933002481 
