0 0.08492201039861352 0.5510887772194305 0.05199306759098787 0.02512562814070352 
0 0.1681109185441941 0.5879396984924623 0.022530329289428077 0.038525963149078725 
0 0.3275563258232236 0.5510887772194305 0.05199306759098787 0.02512562814070352 
2 0.29462738301559793 0.5494137353433836 0.02772963604852686 0.02847571189279732 
2 0.36221837088388215 0.5510887772194305 0.025996533795493933 0.02680067001675042 
0 0.49913344887348354 0.5510887772194305 0.05199306759098787 0.02512562814070352 
0 0.44020797227036396 0.5879396984924623 0.024263431542461005 0.038525963149078725 
0 0.42634315424610053 0.8559463986599665 0.05025996533795494 0.02680067001675042 
0 0.2616984402079723 0.8927973199329984 0.022530329289428077 0.03685092127303183 
4 0.3986135181975737 0.8375209380234506 0.019064124783362217 0.06532663316582915 
5 0.3934142114384749 0.4623115577889447 0.08492201039861352 0.08207705192629816 
