0 0.07432432432432433 0.4612676056338028 0.02195945945945946 0.03873239436619718 
0 0.22804054054054054 0.4225352112676056 0.05067567567567568 0.022887323943661973 
0 0.46452702702702703 0.4225352112676056 0.05067567567567568 0.02992957746478873 
0 0.40202702702702703 0.4612676056338028 0.02195945945945946 0.03873239436619718 
0 0.20439189189189189 0.6778169014084507 0.05067567567567568 0.02464788732394366 
4 0.18074324324324326 0.6584507042253521 0.018581081081081082 0.07042253521126761 
0 0.033783783783783786 0.7147887323943662 0.02027027027027027 0.040492957746478875 
2 0.19594594594594594 0.4225352112676056 0.02533783783783784 0.02992957746478873 
2 0.2635135135135135 0.4225352112676056 0.02533783783783784 0.028169014084507043 
5 0.2905405405405405 0.3362676056338028 0.08445945945945946 0.0880281690140845 
