2 0.19117647058823528 0.25806451612903225 0.011437908496732025 0.020967741935483872 
3 0.19117647058823528 0.2435483870967742 0.011437908496732025 0.01129032258064516 
6 0.19117647058823528 0.32741935483870965 0.014705882352941176 0.024193548387096774 
6 0.2696078431372549 0.35161290322580646 0.017973856209150325 0.01129032258064516 
6 0.28594771241830064 0.3758064516129032 0.014705882352941176 0.02258064516129032 
6 0.4264705882352941 0.4774193548387097 0.016339869281045753 0.02258064516129032 
2 0.44281045751633985 0.33064516129032256 0.011437908496732025 0.012903225806451613 
6 0.47875816993464054 0.31451612903225806 0.013071895424836602 0.016129032258064516 
6 0.5375816993464052 0.33064516129032256 0.02287581699346405 0.012903225806451613 
6 0.36764705882352944 0.17258064516129032 0.013071895424836602 0.017741935483870968 
6 0.04738562091503268 0.5758064516129032 0.02287581699346405 0.014516129032258065 
6 0.004901960784313725 0.7903225806451613 0.013071895424836602 0.017741935483870968 
2 0.09967320261437909 0.8064516129032258 0.013071895424836602 0.01129032258064516 
6 0.14215686274509803 0.8080645161290323 0.02287581699346405 0.014516129032258065 
6 0.1895424836601307 0.7903225806451613 0.013071895424836602 0.017741935483870968 
6 0.0196078431372549 0.8758064516129033 0.02287581699346405 0.014516129032258065 
6 0.07679738562091504 0.8580645161290322 0.011437908496732025 0.017741935483870968 
6 0.24509803921568626 0.6870967741935484 0.024509803921568627 0.014516129032258065 
6 0.37745098039215685 0.8064516129032258 0.02287581699346405 0.014516129032258065 
2 0.40032679738562094 0.8080645161290323 0.013071895424836602 0.012903225806451613 
6 0.4362745098039216 0.7903225806451613 0.013071895424836602 0.017741935483870968 
6 0.8741830065359477 0.7403225806451613 0.024509803921568627 0.014516129032258065 
6 0.9428104575163399 0.7225806451612903 0.013071895424836602 0.017741935483870968 
2 0.06372549019607843 0.5758064516129032 0.013071895424836602 0.01129032258064516 
5 0.07679738562091504 0.5467741935483871 0.04084967320261438 0.04032258064516129 
5 0.07679738562091504 0.6387096774193548 0.04084967320261438 0.04032258064516129 
0 0.04738562091503268 0.6870967741935484 0.02287581699346405 0.01129032258064516 
2 0.032679738562091505 0.6870967741935484 0.011437908496732025 0.012903225806451613 
2 0.06372549019607843 0.6870967741935484 0.011437908496732025 0.01129032258064516 
5 0.3431372549019608 0.7725806451612903 0.04084967320261438 0.04032258064516129 
5 0.10457516339869281 0.4161290322580645 0.04084967320261438 0.04032258064516129 
2 0.4264705882352941 0.3467741935483871 0.013071895424836602 0.012903225806451613 
5 0.39215686274509803 0.29838709677419356 0.04084967320261438 0.04032258064516129 
2 0.3022875816993464 0.19032258064516128 0.013071895424836602 0.01129032258064516 
2 0.2875816993464052 0.2064516129032258 0.011437908496732025 0.01129032258064516 
6 0.4150326797385621 0.19032258064516128 0.02287581699346405 0.014516129032258065 
5 0.25163398692810457 0.15483870967741936 0.04084967320261438 0.04032258064516129 
4 0.09967320261437909 0.8661290322580645 0.008169934640522876 0.03225806451612903 
5 0.9738562091503268 0.6951612903225807 0.04084967320261438 0.04032258064516129 
