2 0.41563055062166965 0.11594202898550725 0.02486678507992895 0.04891304347826087 
3 0.413854351687389 0.08333333333333333 0.02664298401420959 0.02717391304347826 
6 0.41563055062166965 0.2717391304347826 0.03197158081705151 0.05253623188405797 
6 0.5843694493783304 0.32608695652173914 0.03907637655417407 0.02717391304347826 
6 0.6216696269982238 0.3804347826086957 0.03197158081705151 0.050724637681159424 
6 0.9271758436944938 0.6068840579710145 0.035523978685612786 0.050724637681159424 
2 0.9609236234458259 0.27898550724637683 0.02664298401420959 0.028985507246376812 
6 0.10301953818827708 0.8297101449275363 0.0497335701598579 0.034420289855072464 
2 0.13854351687388988 0.8297101449275363 0.028419182948490232 0.02717391304347826 
5 0.1669626998223801 0.7663043478260869 0.08703374777975133 0.09057971014492754 
5 0.1669626998223801 0.9728260869565217 0.08703374777975133 0.08876811594202899 
5 0.22735346358792186 0.47101449275362317 0.08703374777975133 0.09057971014492754 
2 0.9271758436944938 0.31521739130434784 0.028419182948490232 0.028985507246376812 
5 0.8507992895204263 0.20471014492753623 0.08880994671403197 0.09057971014492754 
