0 0.0511727078891258 0.08333333333333333 0.031982942430703626 0.015765765765765764 
0 0.1044776119402985 0.10585585585585586 0.014925373134328358 0.024774774774774775 
0 0.20042643923240938 0.08333333333333333 0.031982942430703626 0.015765765765765764 
2 0.1812366737739872 0.08108108108108109 0.017057569296375266 0.018018018018018018 
2 0.22388059701492538 0.08333333333333333 0.014925373134328358 0.018018018018018018 
0 0.3070362473347548 0.08333333333333333 0.031982942430703626 0.015765765765765764 
0 0.27078891257995735 0.10585585585585586 0.014925373134328358 0.024774774774774775 
0 0.2622601279317697 0.28603603603603606 0.031982942430703626 0.018018018018018018 
0 0.15991471215351813 0.3130630630630631 0.014925373134328358 0.024774774774774775 
4 0.24520255863539445 0.2747747747747748 0.010660980810234541 0.04504504504504504 
5 0.24093816631130063 0.02252252252252252 0.053304904051172705 0.05630630630630631 
