0 0.3109090909090909 0.022608695652173914 0.03636363636363636 0.057391304347826085 
0 0.54 0.02434782608695652 0.03636363636363636 0.059130434782608696 
0 0.9490909090909091 0.022608695652173914 0.03636363636363636 0.057391304347826085 
0 0.19454545454545455 0.3843478260869565 0.08181818181818182 0.03826086956521739 
0 0.39636363636363636 0.3843478260869565 0.08181818181818182 0.03826086956521739 
0 0.3109090909090909 0.44 0.03636363636363636 0.057391304347826085 
0 0.5163636363636364 0.44 0.03636363636363636 0.057391304347826085 
0 0.8345454545454546 0.3843478260869565 0.08181818181818182 0.03826086956521739 
0 0.9472727272727273 0.44 0.038181818181818185 0.057391304347826085 
0 0.66 0.3843478260869565 0.07454545454545454 0.03826086956521739 
2 0.6072727272727273 0.3843478260869565 0.04363636363636364 0.04173913043478261 
2 0.7109090909090909 0.38608695652173913 0.04363636363636364 0.04173913043478261 
5 0.7727272727272727 0.21565217391304348 0.13454545454545455 0.12869565217391304 
5 0.66 0.5495652173913044 0.13454545454545455 0.13043478260869565 
