2 0.6781818181818182 0.29850746268656714 0.012727272727272728 0.024253731343283583 
3 0.6781818181818182 0.28171641791044777 0.012727272727272728 0.013059701492537313 
6 0.6781818181818182 0.3787313432835821 0.016363636363636365 0.027985074626865673 
6 0.7654545454545455 0.40671641791044777 0.02 0.013059701492537313 
6 0.7836363636363637 0.43470149253731344 0.016363636363636365 0.026119402985074626 
6 0.94 0.5522388059701493 0.01818181818181818 0.026119402985074626 
2 0.9581818181818181 0.3824626865671642 0.012727272727272728 0.014925373134328358 
6 0.9981818181818182 0.36380597014925375 0.014545454545454545 0.018656716417910446 
6 0.8745454545454545 0.19962686567164178 0.014545454545454545 0.020522388059701493 
6 0.5181818181818182 0.6660447761194029 0.025454545454545455 0.016791044776119403 
6 0.3327272727272727 0.7947761194029851 0.025454545454545455 0.016791044776119403 
6 0.3836363636363636 0.7742537313432836 0.014545454545454545 0.020522388059701493 
6 0.4709090909090909 0.914179104477612 0.014545454545454545 0.020522388059701493 
2 0.5763636363636364 0.9328358208955224 0.014545454545454545 0.013059701492537313 
6 0.6236363636363637 0.9347014925373134 0.025454545454545455 0.016791044776119403 
6 0.6763636363636364 0.914179104477612 0.014545454545454545 0.020522388059701493 
6 0.5509090909090909 0.9925373134328358 0.012727272727272728 0.020522388059701493 
6 0.7381818181818182 0.7947761194029851 0.02727272727272727 0.016791044776119403 
6 0.8854545454545455 0.9328358208955224 0.025454545454545455 0.016791044776119403 
2 0.9109090909090909 0.9347014925373134 0.014545454545454545 0.014925373134328358 
6 0.9509090909090909 0.914179104477612 0.014545454545454545 0.020522388059701493 
2 0.5363636363636364 0.6660447761194029 0.014545454545454545 0.013059701492537313 
5 0.5509090909090909 0.6324626865671642 0.045454545454545456 0.04664179104477612 
5 0.5509090909090909 0.7388059701492538 0.045454545454545456 0.04664179104477612 
0 0.5181818181818182 0.7947761194029851 0.025454545454545455 0.013059701492537313 
2 0.5018181818181818 0.7947761194029851 0.012727272727272728 0.014925373134328358 
2 0.5363636363636364 0.7947761194029851 0.012727272727272728 0.013059701492537313 
5 0.8472727272727273 0.8936567164179104 0.045454545454545456 0.04664179104477612 
5 0.5818181818181818 0.48134328358208955 0.045454545454545456 0.04664179104477612 
2 0.94 0.40111940298507465 0.014545454545454545 0.014925373134328358 
5 0.9018181818181819 0.3451492537313433 0.045454545454545456 0.04664179104477612 
2 0.8018181818181818 0.22014925373134328 0.014545454545454545 0.013059701492537313 
2 0.7854545454545454 0.23880597014925373 0.012727272727272728 0.013059701492537313 
6 0.9272727272727272 0.22014925373134328 0.025454545454545455 0.016791044776119403 
5 0.7454545454545455 0.1791044776119403 0.045454545454545456 0.04664179104477612 
