6 0.46441281138790036 0.0690846286701209 0.017793594306049824 0.024179620034542316 
6 0.051601423487544484 0.17443868739205526 0.02491103202846975 0.015544041450777202 
6 0.005338078291814947 0.40414507772020725 0.014234875444839857 0.018998272884283247 
2 0.10854092526690391 0.4214162348877375 0.014234875444839857 0.012089810017271158 
6 0.15480427046263345 0.4231433506044905 0.02491103202846975 0.015544041450777202 
6 0.20640569395017794 0.40414507772020725 0.014234875444839857 0.018998272884283247 
6 0.021352313167259787 0.49568221070811747 0.02491103202846975 0.015544041450777202 
6 0.08362989323843416 0.47668393782383417 0.012455516014234875 0.018998272884283247 
6 0.2669039145907473 0.29360967184801384 0.026690391459074734 0.015544041450777202 
6 0.4110320284697509 0.4214162348877375 0.02491103202846975 0.015544041450777202 
2 0.4359430604982206 0.4231433506044905 0.014234875444839857 0.013816925734024179 
6 0.4750889679715303 0.40414507772020725 0.014234875444839857 0.018998272884283247 
6 0.48398576512455516 0.9602763385146805 0.019572953736654804 0.012089810017271158 
6 0.48398576512455516 0.998272884283247 0.019572953736654804 0.012089810017271158 
6 0.9519572953736655 0.35060449050086356 0.026690391459074734 0.015544041450777202 
2 0.0693950177935943 0.17443868739205526 0.014234875444839857 0.012089810017271158 
5 0.08362989323843416 0.14335060449050085 0.04448398576512456 0.04317789291882556 
5 0.08362989323843416 0.24179620034542315 0.04448398576512456 0.04317789291882556 
0 0.051601423487544484 0.29360967184801384 0.02491103202846975 0.012089810017271158 
2 0.03558718861209965 0.29360967184801384 0.012455516014234875 0.013816925734024179 
2 0.0693950177935943 0.29360967184801384 0.012455516014234875 0.012089810017271158 
5 0.3736654804270463 0.385146804835924 0.04448398576512456 0.04317789291882556 
5 0.11387900355871886 0.0034542314335060447 0.04448398576512456 0.04317789291882556 
4 0.10854092526690391 0.4853195164075993 0.008896797153024912 0.03454231433506045 
4 0.45373665480427045 0.9758203799654577 0.033807829181494664 0.008635578583765112 
5 0.41459074733096085 0.9360967184801382 0.04448398576512456 0.04317789291882556 
