5 0.24315068493150685 0.8374558303886925 0.07191780821917808 0.07420494699646643 
1 0.18664383561643835 0.9257950530035336 0.0273972602739726 0.022968197879858657 
0 0.23116438356164384 0.6731448763250883 0.039383561643835614 0.022968197879858657 
5 0.3544520547945205 0.5936395759717314 0.0702054794520548 0.07243816254416961 
0 0.23116438356164384 0.35159010600706714 0.039383561643835614 0.022968197879858657 
5 0.3561643835616438 0.2703180212014134 0.07191780821917808 0.07243816254416961 
5 0.3561643835616438 0.19081272084805653 0.0702054794520548 0.07243816254416961 
0 0.23116438356164384 0.030035335689045935 0.039383561643835614 0.024734982332155476 
0 0.7123287671232876 0.030035335689045935 0.0410958904109589 0.022968197879858657 
0 0.714041095890411 0.3498233215547703 0.0410958904109589 0.022968197879858657 
5 0.7928082191780822 0.254416961130742 0.0702054794520548 0.07243816254416961 
0 0.9777397260273972 0.2508833922261484 0.039383561643835614 0.022968197879858657 
0 0.9777397260273972 0.3480565371024735 0.039383561643835614 0.022968197879858657 
0 0.9777397260273972 0.47703180212014135 0.039383561643835614 0.022968197879858657 
0 0.9777397260273972 0.7385159010600707 0.039383561643835614 0.022968197879858657 
5 0.791095890410959 0.5759717314487632 0.0702054794520548 0.07243816254416961 
0 0.714041095890411 0.6713780918727915 0.0410958904109589 0.024734982332155476 
0 0.9777397260273972 0.8657243816254417 0.039383561643835614 0.026501766784452298 
1 0.636986301369863 0.9575971731448764 0.0273972602739726 0.022968197879858657 
