6 0.014492753623188406 0.49414519906323184 0.03864734299516908 0.053864168618266976 
2 0.2971014492753623 0.5456674473067916 0.03864734299516908 0.03278688524590164 
6 0.42028985507246375 0.5480093676814989 0.06763285024154589 0.04449648711943794 
6 0.5579710144927537 0.4964871194379391 0.03864734299516908 0.05152224824355972 
6 0.05555555555555555 0.7447306791569087 0.06763285024154589 0.04215456674473068 
6 0.2246376811594203 0.6955503512880562 0.036231884057971016 0.053864168618266976 
6 0.7246376811594203 0.1990632318501171 0.07246376811594203 0.04449648711943794 
5 0.22705314009661837 0.0585480093676815 0.11835748792270531 0.11475409836065574 
0 0.14251207729468598 0.1990632318501171 0.06763285024154589 0.03278688524590164 
2 0.09420289855072464 0.1990632318501171 0.036231884057971016 0.03747072599531616 
2 0.19082125603864733 0.1990632318501171 0.036231884057971016 0.0351288056206089 
4 0.2971014492753623 0.7189695550351288 0.026570048309178744 0.0936768149882904 
