0 0.04158790170132325 0.0055147058823529415 0.013232514177693762 0.02022058823529412 
0 0.22495274102079396 0.0055147058823529415 0.013232514177693762 0.02022058823529412 
0 0.11531190926275993 0.11948529411764706 0.02835538752362949 0.012867647058823529 
0 0.045368620037807186 0.5386029411764706 0.02835538752362949 0.012867647058823529 
0 0.09262759924385633 0.5569852941176471 0.013232514177693762 0.02022058823529412 
0 0.1776937618147448 0.5386029411764706 0.02835538752362949 0.012867647058823529 
2 0.16068052930056712 0.5367647058823529 0.015122873345935728 0.014705882352941176 
2 0.19848771266540643 0.5386029411764706 0.013232514177693762 0.014705882352941176 
0 0.2722117202268431 0.5386029411764706 0.02835538752362949 0.012867647058823529 
0 0.24007561436672967 0.5569852941176471 0.013232514177693762 0.02022058823529412 
0 0.23251417769376181 0.7040441176470589 0.02835538752362949 0.014705882352941176 
0 0.14177693761814744 0.7261029411764706 0.013232514177693762 0.02022058823529412 
4 0.21739130434782608 0.6948529411764706 0.00945179584120983 0.03676470588235294 
5 0.21361058601134217 0.4889705882352941 0.04725897920604915 0.04595588235294118 
4 0.1001890359168242 0.10845588235294118 0.00945179584120983 0.03676470588235294 
0 0.01890359168241966 0.13786764705882354 0.011342155009451797 0.02022058823529412 
