6 0.014634146341463415 0.5355329949238579 0.03902439024390244 0.0583756345177665 
2 0.3 0.5913705583756346 0.03902439024390244 0.03553299492385787 
6 0.424390243902439 0.5939086294416244 0.06829268292682927 0.048223350253807105 
6 0.5634146341463414 0.5380710659898477 0.03902439024390244 0.05583756345177665 
6 0.05609756097560976 0.8071065989847716 0.06829268292682927 0.04568527918781726 
6 0.22682926829268293 0.7538071065989848 0.036585365853658534 0.0583756345177665 
6 0.7317073170731707 0.21573604060913706 0.07317073170731707 0.048223350253807105 
5 0.22926829268292684 0.06345177664974619 0.11951219512195121 0.12436548223350254 
0 0.14390243902439023 0.21573604060913706 0.06829268292682927 0.03553299492385787 
2 0.0951219512195122 0.21573604060913706 0.036585365853658534 0.04060913705583756 
2 0.1926829268292683 0.21573604060913706 0.036585365853658534 0.03807106598984772 
4 0.3 0.7791878172588832 0.026829268292682926 0.10152284263959391 
