5 0.31190926275992437 0.09386973180076628 0.09262759924385633 0.09386973180076628 
5 0.31001890359168244 0.5 0.09262759924385633 0.09386973180076628 
1 0.10964083175803403 0.9827586206896551 0.035916824196597356 0.03065134099616858 
0 0.5500945179584121 0.867816091954023 0.052930056710775046 0.03065134099616858 
0 0.5519848771266541 0.7049808429118773 0.052930056710775046 0.028735632183908046 
0 0.20793950850661624 0.6245210727969349 0.05103969754253308 0.028735632183908046 
0 0.5897920604914934 0.5421455938697318 0.05671077504725898 0.028735632183908046 
0 0.5500945179584121 0.3793103448275862 0.05860113421550094 0.03065134099616858 
0 0.5500945179584121 0.2164750957854406 0.05671077504725898 0.03065134099616858 
0 0.5500945179584121 0.09578544061302682 0.05103969754253308 0.028735632183908046 
0 0.20793950850661624 0.2164750957854406 0.05103969754253308 0.028735632183908046 
