2 0.4517374517374517 0.12427184466019417 0.02702702702702703 0.05242718446601942 
3 0.4498069498069498 0.08932038834951456 0.02895752895752896 0.02912621359223301 
6 0.4517374517374517 0.2912621359223301 0.03474903474903475 0.05631067961165048 
6 0.6351351351351351 0.34951456310679613 0.04247104247104247 0.02912621359223301 
6 0.6756756756756757 0.4077669902912621 0.03474903474903475 0.05436893203883495 
6 0.11196911196911197 0.8893203883495145 0.05405405405405406 0.036893203883495145 
2 0.15057915057915058 0.8893203883495145 0.03088803088803089 0.02912621359223301 
5 0.18146718146718147 0.8213592233009709 0.0945945945945946 0.0970873786407767 
5 0.2471042471042471 0.5048543689320388 0.0945945945945946 0.0970873786407767 
5 0.9247104247104247 0.21941747572815534 0.09652509652509653 0.0970873786407767 
