6 0.61328125 0.39453125 0.0546875 0.037109375 
6 0.216796875 0.6640625 0.0546875 0.03515625 
6 0.32421875 0.623046875 0.03125 0.044921875 
6 0.51171875 0.912109375 0.03125 0.044921875 
2 0.740234375 0.955078125 0.03125 0.02734375 
6 0.83984375 0.95703125 0.0546875 0.037109375 
6 0.951171875 0.9140625 0.03125 0.04296875 
2 0.65234375 0.39453125 0.03125 0.029296875 
5 0.68359375 0.326171875 0.095703125 0.09765625 
5 0.68359375 0.548828125 0.095703125 0.095703125 
0 0.615234375 0.666015625 0.0546875 0.02734375 
2 0.576171875 0.666015625 0.029296875 0.03125 
2 0.654296875 0.666015625 0.029296875 0.029296875 
5 0.75 0.0078125 0.095703125 0.09765625 
