0 0.11166666666666666 0.42673107890499196 0.03333333333333333 0.05314009661835749 
0 0.3383333333333333 0.3752012882447665 0.075 0.030595813204508857 
0 0.6883333333333334 0.3752012882447665 0.075 0.040257648953301126 
0 0.5933333333333334 0.42673107890499196 0.03333333333333333 0.05314009661835749 
0 0.30333333333333334 0.7246376811594203 0.075 0.033816425120772944 
4 0.26666666666666666 0.6972624798711755 0.02666666666666667 0.0966183574879227 
0 0.05 0.7761674718196457 0.03 0.05475040257648953 
2 0.2916666666666667 0.3752012882447665 0.03666666666666667 0.040257648953301126 
2 0.3883333333333333 0.37359098228663445 0.03666666666666667 0.03864734299516908 
5 0.43 0.25442834138486314 0.125 0.12077294685990338 
