0 0.080078125 0.52734375 0.0390625 0.06640625 
0 0.20703125 0.462890625 0.087890625 0.04296875 
0 0.392578125 0.46484375 0.087890625 0.046875 
0 0.61328125 0.466796875 0.087890625 0.04296875 
2 0.146484375 0.462890625 0.046875 0.04296875 
2 0.263671875 0.46484375 0.046875 0.041015625 
0 0.51953125 0.525390625 0.0390625 0.064453125 
0 0.0546875 0.994140625 0.0390625 0.064453125 
0 0.396484375 0.931640625 0.087890625 0.04296875 
0 0.609375 0.931640625 0.087890625 0.048828125 
0 0.517578125 0.994140625 0.041015625 0.064453125 
0 0.208984375 0.931640625 0.080078125 0.04296875 
2 0.15234375 0.931640625 0.046875 0.046875 
2 0.263671875 0.93359375 0.046875 0.046875 
5 0.330078125 0.275390625 0.14453125 0.14453125 
5 0.876953125 0.158203125 0.146484375 0.14453125 
5 0.330078125 0.7421875 0.14453125 0.14453125 
