5 0.87109375 0.048828125 0.048828125 0.048828125 
5 0.869140625 0.099609375 0.048828125 0.048828125 
5 0.869140625 0.255859375 0.048828125 0.048828125 
5 0.869140625 0.306640625 0.048828125 0.048828125 
5 0.869140625 0.515625 0.048828125 0.048828125 
5 0.794921875 0.671875 0.048828125 0.046875 
5 0.890625 0.794921875 0.048828125 0.048828125 
1 0.318359375 0.48828125 0.02734375 0.01953125 
0 0.318359375 0.658203125 0.02734375 0.015625 
0 0.806640625 0.84765625 0.02734375 0.013671875 
1 0.7578125 0.73046875 0.01953125 0.013671875 
0 0.787109375 0.568359375 0.02734375 0.013671875 
0 0.787109375 0.359375 0.02734375 0.013671875 
0 0.787109375 0.15234375 0.02734375 0.013671875 
