6 0.8531353135313532 0.06472491909385113 0.0165016501650165 0.022653721682847898 
6 0.47029702970297027 0.1634304207119741 0.0231023102310231 0.014563106796116505 
6 0.30198019801980197 0.2750809061488673 0.0231023102310231 0.014563106796116505 
6 0.3481848184818482 0.25728155339805825 0.013201320132013201 0.01779935275080906 
6 0.4273927392739274 0.3786407766990291 0.013201320132013201 0.01779935275080906 
2 0.523102310231023 0.3948220064724919 0.013201320132013201 0.011326860841423949 
6 0.566006600660066 0.3964401294498382 0.0231023102310231 0.014563106796116505 
6 0.6138613861386139 0.3786407766990291 0.013201320132013201 0.01779935275080906 
6 0.44224422442244227 0.46440129449838186 0.0231023102310231 0.014563106796116505 
6 0.4075907590759076 0.48220064724919093 0.01155115511551155 0.016181229773462782 
6 0.5 0.44660194174757284 0.01155115511551155 0.01779935275080906 
6 0.66996699669967 0.2750809061488673 0.024752475247524754 0.014563106796116505 
6 0.8036303630363036 0.3948220064724919 0.0231023102310231 0.014563106796116505 
2 0.8267326732673267 0.3964401294498382 0.013201320132013201 0.012944983818770227 
6 0.863036303630363 0.3786407766990291 0.013201320132013201 0.01779935275080906 
6 0.8712871287128713 0.8996763754045307 0.018151815181518153 0.011326860841423949 
6 0.8712871287128713 0.9352750809061489 0.018151815181518153 0.011326860841423949 
6 0.8531353135313532 0.970873786407767 0.0165016501650165 0.024271844660194174 
2 0.8531353135313532 0.9983818770226537 0.013201320132013201 0.011326860841423949 
2 0.4867986798679868 0.1634304207119741 0.013201320132013201 0.011326860841423949 
5 0.5 0.1343042071197411 0.041254125412541254 0.040453074433656956 
5 0.5 0.22653721682847897 0.041254125412541254 0.040453074433656956 
0 0.47029702970297027 0.2750809061488673 0.0231023102310231 0.011326860841423949 
2 0.45544554455445546 0.2750809061488673 0.01155115511551155 0.012944983818770227 
2 0.4867986798679868 0.2750809061488673 0.01155115511551155 0.011326860841423949 
5 0.768976897689769 0.36084142394822005 0.041254125412541254 0.040453074433656956 
5 0.528052805280528 0.003236245954692557 0.041254125412541254 0.040453074433656956 
4 0.523102310231023 0.4546925566343042 0.00825082508250825 0.032362459546925564 
4 0.8432343234323433 0.9142394822006472 0.03135313531353135 0.008090614886731391 
5 0.806930693069307 0.8770226537216829 0.041254125412541254 0.040453074433656956 
