0 0.035830618892508145 0.0049586776859504135 0.011400651465798045 0.01818181818181818 
0 0.19381107491856678 0.0049586776859504135 0.011400651465798045 0.01818181818181818 
0 0.0993485342019544 0.10743801652892562 0.024429967426710098 0.011570247933884297 
0 0.03908794788273615 0.484297520661157 0.024429967426710098 0.011570247933884297 
0 0.07980456026058631 0.5008264462809917 0.011400651465798045 0.01818181818181818 
0 0.15309446254071662 0.484297520661157 0.024429967426710098 0.011570247933884297 
2 0.13843648208469056 0.4826446280991736 0.013029315960912053 0.013223140495867768 
2 0.17100977198697068 0.484297520661157 0.011400651465798045 0.013223140495867768 
0 0.23452768729641693 0.484297520661157 0.024429967426710098 0.011570247933884297 
0 0.20684039087947884 0.5008264462809917 0.011400651465798045 0.01818181818181818 
0 0.2003257328990228 0.6330578512396694 0.024429967426710098 0.013223140495867768 
0 0.12214983713355049 0.6528925619834711 0.011400651465798045 0.01818181818181818 
4 0.18729641693811075 0.6247933884297521 0.008143322475570033 0.03305785123966942 
5 0.18403908794788273 0.4396694214876033 0.04071661237785016 0.04132231404958678 
4 0.08631921824104234 0.09752066115702479 0.008143322475570033 0.03305785123966942 
0 0.016286644951140065 0.12396694214876033 0.009771986970684038 0.01818181818181818 
