0 0.0546875 0.51953125 0.025390625 0.044921875 
0 0.138671875 0.4765625 0.05859375 0.029296875 
0 0.26171875 0.4765625 0.05859375 0.03125 
0 0.408203125 0.478515625 0.05859375 0.029296875 
2 0.09765625 0.4765625 0.03125 0.029296875 
2 0.17578125 0.4765625 0.03125 0.02734375 
0 0.34765625 0.517578125 0.025390625 0.04296875 
0 0.037109375 0.830078125 0.025390625 0.04296875 
0 0.263671875 0.787109375 0.05859375 0.029296875 
0 0.40625 0.787109375 0.05859375 0.033203125 
0 0.345703125 0.830078125 0.02734375 0.04296875 
0 0.138671875 0.787109375 0.052734375 0.029296875 
2 0.1015625 0.787109375 0.03125 0.03125 
2 0.17578125 0.7890625 0.03125 0.03125 
5 0.21875 0.349609375 0.095703125 0.095703125 
5 0.583984375 0.2734375 0.09765625 0.095703125 
5 0.720703125 0.2734375 0.095703125 0.095703125 
5 0.21875 0.66015625 0.095703125 0.095703125 
5 0.138671875 0.912109375 0.095703125 0.09765625 
