0 0.30118110236220474 0.7126436781609196 0.045275590551181105 0.02490421455938697 
5 0.44291338582677164 0.6226053639846744 0.08070866141732283 0.07854406130268199 
5 0.2795275590551181 0.41762452107279696 0.08267716535433071 0.08045977011494253 
1 0.21456692913385828 0.5134099616858238 0.031496062992125984 0.02490421455938697 
0 0.265748031496063 0.23946360153256704 0.045275590551181105 0.02490421455938697 
5 0.4074803149606299 0.1532567049808429 0.08070866141732283 0.07854406130268199 
5 0.9094488188976378 0.13409961685823754 0.08070866141732283 0.07854406130268199 
0 0.8208661417322834 0.23754789272030652 0.047244094488188976 0.02681992337164751 
5 0.9625984251968503 0.657088122605364 0.08070866141732283 0.07854406130268199 
0 0.8188976377952756 0.7432950191570882 0.047244094488188976 0.02681992337164751 
1 0.7322834645669292 0.5478927203065134 0.031496062992125984 0.02490421455938697 
