0 0.046875 0.072265625 0.029296875 0.013671875 
0 0.095703125 0.091796875 0.013671875 0.021484375 
0 0.18359375 0.072265625 0.029296875 0.013671875 
2 0.166015625 0.0703125 0.015625 0.015625 
2 0.205078125 0.072265625 0.013671875 0.015625 
0 0.28125 0.072265625 0.029296875 0.013671875 
0 0.248046875 0.091796875 0.013671875 0.021484375 
0 0.240234375 0.248046875 0.029296875 0.015625 
0 0.146484375 0.271484375 0.013671875 0.021484375 
4 0.224609375 0.23828125 0.009765625 0.0390625 
5 0.220703125 0.01953125 0.048828125 0.048828125 
