0 0.39606126914660833 0.16279069767441862 0.03282275711159737 0.014799154334038054 
0 0.4420131291028446 0.1839323467230444 0.015317286652078774 0.023255813953488372 
0 0.49452954048140046 0.2029598308668076 0.0175054704595186 0.02959830866807611 
0 0.6017505470459519 0.13107822410147993 0.0175054704595186 0.02959830866807611 
0 0.9890590809628009 0.09725158562367865 0.015317286652078774 0.03171247357293869 
2 0.9146608315098468 0.13742071881606766 0.015317286652078774 0.014799154334038054 
0 0.3982494529540481 0.8393234672304439 0.030634573304157548 0.014799154334038054 
0 0.5054704595185996 0.879492600422833 0.015317286652078774 0.03171247357293869 
0 0.4485776805251641 0.8625792811839323 0.01312910284463895 0.023255813953488372 
0 0.6148796498905909 0.8012684989429175 0.015317286652078774 0.02748414376321353 
2 0.9168490153172867 0.8118393234672304 0.015317286652078774 0.016913319238900635 
5 0.9890590809628009 0.03382663847780127 0.05470459518599562 0.052854122621564484 
5 0.6017505470459519 0.06342494714587738 0.05470459518599562 0.052854122621564484 
5 0.6148796498905909 0.7399577167019028 0.05470459518599562 0.05496828752642706 
