6 0.620253164556962 0.08540925266903915 0.0759493670886076 0.0498220640569395 
6 0.06871609403254973 0.45195729537366547 0.0759493670886076 0.04804270462633452 
6 0.21880650994575046 0.39501779359430605 0.0433996383363472 0.060498220640569395 
6 0.47920433996383366 0.791814946619217 0.0433996383363472 0.060498220640569395 
2 0.7956600361663653 0.8487544483985765 0.0433996383363472 0.037366548042704624 
6 0.9349005424954792 0.8505338078291815 0.0759493670886076 0.0498220640569395 
2 0.674502712477396 0.08540925266903915 0.0433996383363472 0.03914590747330961 
5 0.7197106690777577 0.29359430604982206 0.13381555153707053 0.13167259786476868 
0 0.6220614828209765 0.45373665480427045 0.0759493670886076 0.037366548042704624 
2 0.569620253164557 0.45373665480427045 0.039783001808318265 0.042704626334519574 
2 0.6763110307414105 0.45373665480427045 0.039783001808318265 0.03914590747330961 
