2 0.6806569343065694 0.3047619047619048 0.012773722627737226 0.024761904761904763 
3 0.6806569343065694 0.2876190476190476 0.012773722627737226 0.013333333333333334 
6 0.6806569343065694 0.38666666666666666 0.016423357664233577 0.02857142857142857 
6 0.7682481751824818 0.41523809523809524 0.020072992700729927 0.013333333333333334 
6 0.7864963503649635 0.4438095238095238 0.016423357664233577 0.02666666666666667 
6 0.9434306569343066 0.5638095238095238 0.01824817518248175 0.02666666666666667 
2 0.9616788321167883 0.3904761904761905 0.012773722627737226 0.015238095238095238 
6 0.8777372262773723 0.2038095238095238 0.014598540145985401 0.02095238095238095 
6 0.5200729927007299 0.68 0.025547445255474453 0.017142857142857144 
6 0.33394160583941607 0.8114285714285714 0.025547445255474453 0.017142857142857144 
6 0.38503649635036497 0.7904761904761904 0.014598540145985401 0.02095238095238095 
6 0.4726277372262774 0.9333333333333333 0.014598540145985401 0.02095238095238095 
2 0.5784671532846716 0.9523809523809523 0.014598540145985401 0.013333333333333334 
6 0.6259124087591241 0.9542857142857143 0.025547445255474453 0.017142857142857144 
6 0.6788321167883211 0.9333333333333333 0.014598540145985401 0.02095238095238095 
6 0.7408759124087592 0.8114285714285714 0.02737226277372263 0.017142857142857144 
6 0.8886861313868614 0.9523809523809523 0.025547445255474453 0.017142857142857144 
2 0.9142335766423357 0.9542857142857143 0.014598540145985401 0.015238095238095238 
6 0.9543795620437956 0.9333333333333333 0.014598540145985401 0.02095238095238095 
2 0.5383211678832117 0.68 0.014598540145985401 0.013333333333333334 
5 0.5529197080291971 0.6457142857142857 0.04562043795620438 0.047619047619047616 
5 0.5529197080291971 0.7542857142857143 0.04562043795620438 0.047619047619047616 
0 0.5200729927007299 0.8114285714285714 0.025547445255474453 0.013333333333333334 
2 0.5036496350364964 0.8114285714285714 0.012773722627737226 0.015238095238095238 
2 0.5383211678832117 0.8114285714285714 0.012773722627737226 0.013333333333333334 
5 0.8503649635036497 0.9123809523809524 0.04562043795620438 0.047619047619047616 
5 0.583941605839416 0.49142857142857144 0.04562043795620438 0.047619047619047616 
2 0.9434306569343066 0.4095238095238095 0.014598540145985401 0.015238095238095238 
5 0.9051094890510949 0.3523809523809524 0.04562043795620438 0.047619047619047616 
2 0.8047445255474452 0.22476190476190477 0.014598540145985401 0.013333333333333334 
2 0.7883211678832117 0.2438095238095238 0.012773722627737226 0.013333333333333334 
6 0.9306569343065694 0.22476190476190477 0.025547445255474453 0.017142857142857144 
5 0.7481751824817519 0.18285714285714286 0.04562043795620438 0.047619047619047616 
