0 0.3797709923664122 0.017408123791102514 0.02480916030534351 0.0425531914893617 
0 0.5419847328244275 0.019342359767891684 0.02480916030534351 0.04448742746615087 
0 0.8282442748091603 0.017408123791102514 0.02480916030534351 0.0425531914893617 
0 0.29961832061068705 0.28433268858800775 0.05725190839694656 0.029013539651837523 
0 0.44083969465648853 0.28433268858800775 0.05725190839694656 0.029013539651837523 
0 0.3797709923664122 0.32688588007736946 0.02480916030534351 0.0425531914893617 
0 0.5248091603053435 0.32688588007736946 0.02480916030534351 0.0425531914893617 
0 0.7461832061068703 0.28433268858800775 0.05725190839694656 0.029013539651837523 
0 0.8854961832061069 0.28433268858800775 0.05725190839694656 0.03288201160541586 
0 0.8263358778625954 0.32688588007736946 0.026717557251908396 0.0425531914893617 
0 0.6240458015267175 0.28433268858800775 0.05152671755725191 0.029013539651837523 
2 0.5877862595419847 0.28433268858800775 0.030534351145038167 0.030947775628626693 
2 0.6603053435114504 0.2862669245647969 0.030534351145038167 0.030947775628626693 
5 0.7022900763358778 0.15860735009671179 0.09351145038167939 0.09477756286266925 
5 0.6240458015267175 0.4081237911025145 0.09351145038167939 0.09671179883945841 
