6 0.032989690721649485 0.594059405940594 0.02268041237113402 0.013861386138613862 
6 0.032989690721649485 0.6376237623762376 0.02268041237113402 0.013861386138613862 
6 0.010309278350515464 0.6811881188118812 0.020618556701030927 0.0297029702970297 
2 0.010309278350515464 0.7148514851485148 0.016494845360824743 0.013861386138613862 
6 0.7402061855670103 0.4633663366336634 0.0288659793814433 0.01782178217821782 
6 0.668041237113402 0.5465346534653466 0.020618556701030927 0.027722772277227723 
6 0.668041237113402 0.6594059405940594 0.020618556701030927 0.027722772277227723 
6 0.6907216494845361 0.6198019801980198 0.02268041237113402 0.013861386138613862 
6 0.865979381443299 0.6594059405940594 0.020618556701030927 0.027722772277227723 
4 0.6804123711340206 0.5861386138613861 0.03917525773195876 0.011881188118811881 
5 0.7835051546391752 0.42376237623762375 0.05154639175257732 0.04950495049504951 
4 0.8783505154639175 0.6752475247524753 0.03917525773195876 0.011881188118811881 
