0 0.03626943005181347 0.013262599469496022 0.018134715025906734 0.029177718832891247 
0 0.23056994818652848 0.010610079575596816 0.018134715025906734 0.029177718832891247 
0 0.023316062176165803 0.22281167108753316 0.018134715025906734 0.029177718832891247 
0 0.17616580310880828 0.1962864721485411 0.038860103626943004 0.01856763925729443 
0 0.2694300518134715 0.1962864721485411 0.038860103626943004 0.021220159151193633 
0 0.22797927461139897 0.22281167108753316 0.018134715025906734 0.029177718832891247 
0 0.09326424870466321 0.1962864721485411 0.03626943005181347 0.01856763925729443 
2 0.06735751295336788 0.1962864721485411 0.02072538860103627 0.021220159151193633 
2 0.11658031088082901 0.1962864721485411 0.02072538860103627 0.021220159151193633 
5 0.14507772020725387 0.10875331564986737 0.06476683937823834 0.06631299734748011 
5 0.09326424870466321 0.27851458885941643 0.06476683937823834 0.06631299734748011 
4 0.5595854922279793 0.7294429708222812 0.05181347150259067 0.013262599469496022 
4 0.616580310880829 0.7294429708222812 0.04922279792746114 0.013262599469496022 
