6 0.009560229445506692 0.578125 0.019120458891013385 0.02734375 
2 0.028680688336520075 0.400390625 0.01338432122370937 0.015625 
6 0.07074569789674952 0.380859375 0.015296367112810707 0.01953125 
6 0.13957934990439771 0.400390625 0.02676864244741874 0.015625 
6 0.021032504780114723 0.95703125 0.015296367112810707 0.021484375 
6 0.5334608030592735 0.896484375 0.028680688336520075 0.017578125 
6 0.6137667304015296 0.875 0.015296367112810707 0.021484375 
3 0.6806883365200764 0.896484375 0.02676864244741874 0.013671875 
6 0.734225621414914 0.875 0.01338432122370937 0.01953125 
6 0.7743785850860421 0.896484375 0.02676864244741874 0.01953125 
2 0.009560229445506692 0.419921875 0.015296367112810707 0.015625 
5 0.6500956022944551 0.841796875 0.04780114722753346 0.048828125 
