5 0.37109375 0.548828125 0.048828125 0.048828125 
5 0.369140625 0.599609375 0.048828125 0.048828125 
5 0.66015625 0.58984375 0.048828125 0.048828125 
5 0.369140625 0.755859375 0.048828125 0.048828125 
5 0.369140625 0.806640625 0.048828125 0.048828125 
5 0.66015625 0.796875 0.048828125 0.048828125 
0 0.78515625 0.943359375 0.029296875 0.015625 
0 0.78515625 0.859375 0.029296875 0.015625 
0 0.78515625 0.798828125 0.02734375 0.013671875 
0 0.607421875 0.859375 0.02734375 0.013671875 
0 0.287109375 0.859375 0.02734375 0.013671875 
0 0.287109375 0.65234375 0.02734375 0.013671875 
0 0.609375 0.65234375 0.02734375 0.013671875 
