6 0.03125 0.5859375 0.021484375 0.013671875 
6 0.03125 0.62890625 0.021484375 0.013671875 
6 0.009765625 0.671875 0.01953125 0.029296875 
2 0.009765625 0.705078125 0.015625 0.013671875 
6 0.701171875 0.45703125 0.02734375 0.017578125 
6 0.6328125 0.5390625 0.01953125 0.02734375 
6 0.6328125 0.650390625 0.01953125 0.02734375 
6 0.654296875 0.611328125 0.021484375 0.013671875 
6 0.8203125 0.650390625 0.01953125 0.02734375 
4 0.64453125 0.578125 0.037109375 0.01171875 
5 0.7421875 0.41796875 0.048828125 0.048828125 
4 0.83203125 0.666015625 0.037109375 0.01171875 
