5 0.2622601279317697 0.032719836400818 0.1044776119402985 0.10224948875255624 
5 0.8955223880597015 0.010224948875255624 0.1044776119402985 0.10020449897750511 
5 0.09594882729211088 0.35991820040899797 0.10660980810234541 0.09815950920245399 
5 0.3070362473347548 0.6175869120654397 0.1044776119402985 0.10224948875255624 
5 0.9594882729211087 0.6605316973415133 0.11087420042643924 0.10224948875255624 
0 0.12366737739872068 0.7280163599182005 0.057569296375266525 0.03067484662576687 
1 0.017057569296375266 0.48261758691206547 0.04051172707889126 0.03067484662576687 
0 0.7739872068230277 0.7709611451942741 0.057569296375266525 0.032719836400818 
1 0.6695095948827292 0.5255623721881391 0.04051172707889126 0.032719836400818 
0 0.7803837953091685 0.14314928425357873 0.057569296375266525 0.03067484662576687 
0 0.08102345415778252 0.14314928425357873 0.057569296375266525 0.03067484662576687 
