6 0.169921875 0.09375 0.08203125 0.0546875 
6 0.017578125 0.869140625 0.046875 0.06640625 
2 0.359375 0.931640625 0.046875 0.041015625 
6 0.509765625 0.93359375 0.08203125 0.0546875 
6 0.677734375 0.87109375 0.046875 0.064453125 
6 0.87890625 0.498046875 0.087890625 0.0546875 
2 0.228515625 0.09375 0.046875 0.04296875 
5 0.27734375 0.322265625 0.14453125 0.14453125 
0 0.171875 0.498046875 0.08203125 0.041015625 
2 0.115234375 0.498046875 0.04296875 0.046875 
2 0.23046875 0.498046875 0.04296875 0.04296875 
