5 0.39337474120082816 0.05230125523012552 0.051759834368530024 0.05230125523012552 
5 0.391304347826087 0.10669456066945607 0.051759834368530024 0.05230125523012552 
5 0.6997929606625258 0.09623430962343096 0.051759834368530024 0.05230125523012552 
5 0.391304347826087 0.27405857740585776 0.051759834368530024 0.05230125523012552 
5 0.391304347826087 0.3284518828451883 0.051759834368530024 0.05230125523012552 
5 0.6997929606625258 0.3179916317991632 0.051759834368530024 0.05230125523012552 
5 0.391304347826087 0.5523012552301255 0.051759834368530024 0.05230125523012552 
5 0.6997929606625258 0.5418410041841004 0.051759834368530024 0.05230125523012552 
5 0.31262939958592134 0.7196652719665272 0.051759834368530024 0.0502092050209205 
5 0.4140786749482402 0.8514644351464435 0.051759834368530024 0.05230125523012552 
5 0.7308488612836439 0.8744769874476988 0.053830227743271224 0.05230125523012552 
0 0.3250517598343685 0.9079497907949791 0.028985507246376812 0.014644351464435146 
1 0.2732919254658385 0.7824267782426778 0.020703933747412008 0.014644351464435146 
0 0.6418219461697723 0.9309623430962343 0.028985507246376812 0.016736401673640166 
1 0.5900621118012422 0.803347280334728 0.020703933747412008 0.016736401673640166 
1 0.8322981366459627 0.8556485355648535 0.028985507246376812 0.02301255230125523 
0 0.8322981366459627 0.7405857740585774 0.028985507246376812 0.016736401673640166 
0 0.8322981366459627 0.6527196652719666 0.028985507246376812 0.014644351464435146 
0 0.6438923395445134 0.608786610878661 0.028985507246376812 0.014644351464435146 
0 0.8530020703933747 0.5627615062761506 0.031055900621118012 0.014644351464435146 
0 0.8322981366459627 0.47489539748953974 0.031055900621118012 0.016736401673640166 
0 0.8322981366459627 0.38493723849372385 0.031055900621118012 0.016736401673640166 
0 0.8322981366459627 0.3200836820083682 0.028985507246376812 0.014644351464435146 
0 0.6438923395445134 0.38493723849372385 0.028985507246376812 0.014644351464435146 
0 0.30434782608695654 0.608786610878661 0.028985507246376812 0.014644351464435146 
0 0.30434782608695654 0.38493723849372385 0.028985507246376812 0.014644351464435146 
0 0.30434782608695654 0.16317991631799164 0.028985507246376812 0.014644351464435146 
0 0.6459627329192547 0.16317991631799164 0.028985507246376812 0.014644351464435146 
