0 0.04222648752399232 0.4823091247672253 0.013435700575815739 0.020484171322160148 
0 0.13051823416506717 0.4618249534450652 0.028790786948176585 0.0111731843575419 
0 0.2648752399232246 0.4618249534450652 0.028790786948176585 0.0148975791433892 
0 0.22840690978886757 0.4823091247672253 0.013435700575815739 0.020484171322160148 
0 0.11708253358925144 0.5977653631284916 0.028790786948176585 0.01303538175046555 
5 0.21689059500959693 0.9720670391061452 0.04798464491362764 0.04655493482309125 
4 0.1017274472168906 0.5865921787709497 0.009596928982725527 0.037243947858473 
0 0.019193857965451054 0.6163873370577281 0.011516314779270634 0.020484171322160148 
2 0.11132437619961612 0.4618249534450652 0.013435700575815739 0.0148975791433892 
2 0.14971209213051823 0.4618249534450652 0.013435700575815739 0.0148975791433892 
5 0.16506717850287908 0.41527001862197394 0.04798464491362764 0.04655493482309125 
