5 0.1404109589041096 0.5 0.04280821917808219 0.041390728476821195 
5 0.1404109589041096 0.6754966887417219 0.04280821917808219 0.041390728476821195 
5 0.1404109589041096 0.8526490066225165 0.04280821917808219 0.041390728476821195 
0 0.25 0.9403973509933775 0.023972602739726026 0.011589403973509934 
0 0.09417808219178082 0.9056291390728477 0.023972602739726026 0.011589403973509934 
0 0.2671232876712329 0.8692052980132451 0.025684931506849314 0.011589403973509934 
0 0.25 0.7996688741721855 0.025684931506849314 0.013245033112582781 
0 0.25 0.7284768211920529 0.025684931506849314 0.013245033112582781 
0 0.25 0.6771523178807947 0.023972602739726026 0.011589403973509934 
0 0.09417808219178082 0.7284768211920529 0.023972602739726026 0.011589403973509934 
0 0.0958904109589041 0.5529801324503312 0.023972602739726026 0.011589403973509934 
