6 0.4292763157894737 0.06711409395973154 0.01644736842105263 0.02348993288590604 
6 0.047697368421052634 0.16946308724832215 0.023026315789473683 0.015100671140939598 
6 0.004934210526315789 0.3926174496644295 0.013157894736842105 0.018456375838926176 
2 0.10032894736842106 0.40939597315436244 0.013157894736842105 0.01174496644295302 
6 0.14309210526315788 0.4110738255033557 0.023026315789473683 0.015100671140939598 
6 0.19078947368421054 0.3926174496644295 0.013157894736842105 0.018456375838926176 
6 0.019736842105263157 0.4815436241610738 0.023026315789473683 0.015100671140939598 
6 0.07730263157894737 0.46308724832214765 0.011513157894736841 0.018456375838926176 
6 0.24671052631578946 0.28523489932885904 0.024671052631578948 0.015100671140939598 
6 0.37993421052631576 0.40939597315436244 0.023026315789473683 0.015100671140939598 
2 0.4029605263157895 0.4110738255033557 0.013157894736842105 0.013422818791946308 
6 0.43914473684210525 0.3926174496644295 0.013157894736842105 0.018456375838926176 
6 0.4473684210526316 0.9328859060402684 0.018092105263157895 0.01174496644295302 
6 0.4473684210526316 0.9697986577181208 0.018092105263157895 0.01174496644295302 
6 0.9539473684210527 0.8926174496644296 0.01644736842105263 0.02348993288590604 
6 0.9539473684210527 0.988255033557047 0.01644736842105263 0.02348993288590604 
6 0.9720394736842105 0.9546979865771812 0.018092105263157895 0.01174496644295302 
6 0.8799342105263158 0.34060402684563756 0.024671052631578948 0.015100671140939598 
6 0.9490131578947368 0.3221476510067114 0.013157894736842105 0.018456375838926176 
2 0.06414473684210527 0.16946308724832215 0.013157894736842105 0.01174496644295302 
5 0.07730263157894737 0.13926174496644295 0.04111842105263158 0.04194630872483222 
5 0.07730263157894737 0.2348993288590604 0.04111842105263158 0.04194630872483222 
0 0.047697368421052634 0.28523489932885904 0.023026315789473683 0.01174496644295302 
2 0.03289473684210526 0.28523489932885904 0.011513157894736841 0.013422818791946308 
2 0.06414473684210527 0.28523489932885904 0.011513157894736841 0.01174496644295302 
5 0.34539473684210525 0.37416107382550334 0.04111842105263158 0.04194630872483222 
5 0.10526315789473684 0.003355704697986577 0.04111842105263158 0.04194630872483222 
4 0.10032894736842106 0.4714765100671141 0.008223684210526315 0.03355704697986577 
4 0.9638157894736842 0.9261744966442953 0.03125 0.010067114093959731 
4 0.4194078947368421 0.947986577181208 0.03125 0.008389261744966443 
5 0.3832236842105263 0.9093959731543624 0.04111842105263158 0.04194630872483222 
5 0.9802631578947368 0.2936241610738255 0.04111842105263158 0.04194630872483222 
