0 0.208984375 0.466796875 0.087890625 0.04296875 
0 0.4296875 0.466796875 0.087890625 0.04296875 
0 0.333984375 0.525390625 0.0390625 0.064453125 
0 0.580078125 0.52734375 0.0390625 0.06640625 
0 0.70703125 0.462890625 0.087890625 0.04296875 
0 0.892578125 0.46484375 0.087890625 0.046875 
2 0.646484375 0.462890625 0.046875 0.04296875 
2 0.763671875 0.46484375 0.046875 0.041015625 
0 0.208984375 0.931640625 0.087890625 0.04296875 
0 0.42578125 0.931640625 0.087890625 0.04296875 
0 0.333984375 0.994140625 0.0390625 0.064453125 
0 0.5546875 0.994140625 0.0390625 0.064453125 
0 0.896484375 0.931640625 0.087890625 0.04296875 
0 0.708984375 0.931640625 0.080078125 0.04296875 
2 0.65234375 0.931640625 0.046875 0.046875 
2 0.763671875 0.93359375 0.046875 0.046875 
5 0.830078125 0.275390625 0.14453125 0.14453125 
5 0.830078125 0.7421875 0.14453125 0.14453125 
