0 0.27538726333907054 0.029982363315696647 0.04130808950086059 0.02292768959435626 
0 0.27710843373493976 0.3492063492063492 0.04130808950086059 0.02292768959435626 
5 0.35628227194492257 0.25396825396825395 0.07056798623063683 0.07231040564373897 
0 0.5421686746987951 0.25044091710758376 0.039586919104991396 0.02292768959435626 
0 0.5421686746987951 0.3474426807760141 0.039586919104991396 0.02292768959435626 
0 0.5421686746987951 0.47619047619047616 0.039586919104991396 0.02292768959435626 
0 0.5731497418244407 0.6067019400352733 0.039586919104991396 0.024691358024691357 
0 0.5421686746987951 0.7372134038800705 0.039586919104991396 0.02292768959435626 
5 0.35456110154905335 0.5749559082892416 0.07056798623063683 0.07231040564373897 
0 0.27710843373493976 0.6701940035273368 0.04130808950086059 0.024691358024691357 
0 0.5421686746987951 0.8641975308641975 0.039586919104991396 0.026455026455026454 
1 0.19965576592082615 0.9559082892416225 0.027538726333907058 0.02292768959435626 
