6 0.23617021276595745 0.1791044776119403 0.059574468085106386 0.03837953091684435 
6 0.35319148936170214 0.13432835820895522 0.03404255319148936 0.04904051172707889 
6 0.5574468085106383 0.44989339019189767 0.03404255319148936 0.04904051172707889 
2 0.8063829787234043 0.4968017057569296 0.03404255319148936 0.029850746268656716 
6 0.9148936170212766 0.4989339019189765 0.059574468085106386 0.04051172707889126 
6 0.5936170212765958 0.6780383795309168 0.059574468085106386 0.03837953091684435 
6 0.5063829787234042 0.7249466950959488 0.029787234042553193 0.04477611940298507 
6 0.7425531914893617 0.6332622601279317 0.031914893617021274 0.04904051172707889 
5 0.7446808510638298 0.053304904051172705 0.10425531914893617 0.1044776119402985 
0 0.6702127659574468 0.1812366737739872 0.059574468085106386 0.029850746268656716 
2 0.6276595744680851 0.1812366737739872 0.031914893617021274 0.03411513859275053 
2 0.7127659574468085 0.1812366737739872 0.031914893617021274 0.031982942430703626 
4 0.8063829787234043 0.6545842217484008 0.023404255319148935 0.08528784648187633 
