5 0.37109375 0.048828125 0.048828125 0.048828125 
5 0.369140625 0.099609375 0.048828125 0.048828125 
5 0.66015625 0.08984375 0.048828125 0.048828125 
5 0.369140625 0.255859375 0.048828125 0.048828125 
5 0.369140625 0.306640625 0.048828125 0.048828125 
5 0.66015625 0.296875 0.048828125 0.048828125 
5 0.369140625 0.515625 0.048828125 0.048828125 
5 0.66015625 0.505859375 0.048828125 0.048828125 
5 0.294921875 0.671875 0.048828125 0.046875 
5 0.390625 0.794921875 0.048828125 0.048828125 
5 0.689453125 0.81640625 0.05078125 0.048828125 
0 0.306640625 0.84765625 0.02734375 0.013671875 
1 0.2578125 0.73046875 0.01953125 0.013671875 
0 0.60546875 0.869140625 0.02734375 0.015625 
1 0.556640625 0.75 0.01953125 0.015625 
1 0.78515625 0.798828125 0.02734375 0.021484375 
0 0.78515625 0.69140625 0.02734375 0.015625 
0 0.78515625 0.609375 0.02734375 0.013671875 
0 0.607421875 0.568359375 0.02734375 0.013671875 
0 0.8046875 0.525390625 0.029296875 0.013671875 
0 0.78515625 0.443359375 0.029296875 0.015625 
0 0.78515625 0.359375 0.029296875 0.015625 
0 0.78515625 0.298828125 0.02734375 0.013671875 
0 0.607421875 0.359375 0.02734375 0.013671875 
0 0.287109375 0.568359375 0.02734375 0.013671875 
0 0.287109375 0.359375 0.02734375 0.013671875 
0 0.287109375 0.15234375 0.02734375 0.013671875 
0 0.609375 0.15234375 0.02734375 0.013671875 
