0 0.18197278911564627 0.40371621621621623 0.07653061224489796 0.037162162162162164 
0 0.3741496598639456 0.40371621621621623 0.07653061224489796 0.037162162162162164 
0 0.29081632653061223 0.4543918918918919 0.034013605442176874 0.05574324324324324 
0 0.5051020408163265 0.4560810810810811 0.034013605442176874 0.057432432432432436 
0 0.6156462585034014 0.40033783783783783 0.07653061224489796 0.037162162162162164 
0 0.7772108843537415 0.40202702702702703 0.07653061224489796 0.04054054054054054 
0 0.9693877551020408 0.40371621621621623 0.07653061224489796 0.037162162162162164 
2 0.5629251700680272 0.40033783783783783 0.04081632653061224 0.037162162162162164 
2 0.6649659863945578 0.40202702702702703 0.04081632653061224 0.03547297297297297 
0 0.8877551020408163 0.4543918918918919 0.034013605442176874 0.05574324324324324 
0 0.18197278911564627 0.8057432432432432 0.07653061224489796 0.037162162162162164 
0 0.3707482993197279 0.8057432432432432 0.07653061224489796 0.037162162162162164 
0 0.29081632653061223 0.8597972972972973 0.034013605442176874 0.05574324324324324 
0 0.48299319727891155 0.8597972972972973 0.034013605442176874 0.05574324324324324 
0 0.7806122448979592 0.8057432432432432 0.07653061224489796 0.037162162162162164 
0 0.9659863945578231 0.8057432432432432 0.07653061224489796 0.04222972972972973 
0 0.8860544217687075 0.8597972972972973 0.03571428571428571 0.05574324324324324 
0 0.6173469387755102 0.8057432432432432 0.06972789115646258 0.037162162162162164 
2 0.5680272108843537 0.8057432432432432 0.04081632653061224 0.04054054054054054 
2 0.6649659863945578 0.8074324324324325 0.04081632653061224 0.04054054054054054 
5 0.7227891156462585 0.23817567567567569 0.12585034013605442 0.125 
5 0.7227891156462585 0.6418918918918919 0.12585034013605442 0.125 
5 0.6173469387755102 0.9662162162162162 0.12585034013605442 0.1266891891891892 
