0 0.047377326565143825 0.01644736842105263 0.021996615905245348 0.03782894736842105 
0 0.3011844331641286 0.014802631578947368 0.021996615905245348 0.03618421052631579 
0 0.032148900169204735 0.2779605263157895 0.021996615905245348 0.03618421052631579 
0 0.22842639593908629 0.24177631578947367 0.050761421319796954 0.024671052631578948 
0 0.35194585448392557 0.24177631578947367 0.050761421319796954 0.027960526315789474 
0 0.29949238578680204 0.2779605263157895 0.023688663282571912 0.03618421052631579 
0 0.12013536379018612 0.24177631578947367 0.04568527918781726 0.024671052631578948 
2 0.08798646362098139 0.24177631578947367 0.02707275803722504 0.02631578947368421 
2 0.15228426395939088 0.24342105263157895 0.02707275803722504 0.02631578947368421 
5 0.1895093062605753 0.13486842105263158 0.0829103214890017 0.0805921052631579 
5 0.12013536379018612 0.3470394736842105 0.0829103214890017 0.08223684210526316 
4 0.7309644670050761 0.9046052631578947 0.0676818950930626 0.01644736842105263 
4 0.805414551607445 0.9046052631578947 0.06598984771573604 0.01644736842105263 
