2 0.25601750547045954 0.3470715835140998 0.015317286652078774 0.028199566160520606 
3 0.25601750547045954 0.3275488069414317 0.015317286652078774 0.015184381778741865 
6 0.25601750547045954 0.4403470715835141 0.019693654266958426 0.03253796095444685 
6 0.3610503282275711 0.47288503253796094 0.024070021881838075 0.015184381778741865 
6 0.38293216630196936 0.5054229934924078 0.019693654266958426 0.03036876355748373 
6 0.5711159737417943 0.6420824295010846 0.02188183807439825 0.03036876355748373 
2 0.5929978118161926 0.44468546637744033 0.015317286652078774 0.01735357917570499 
6 0.6411378555798687 0.4229934924078091 0.0175054704595186 0.021691973969631236 
6 0.7199124726477024 0.44468546637744033 0.030634573304157548 0.01735357917570499 
6 0.4923413566739606 0.23210412147505424 0.0175054704595186 0.02386117136659436 
6 0.06345733041575492 0.7744034707158352 0.030634573304157548 0.019522776572668113 
6 0.3282275711159737 0.9240780911062907 0.03282275711159737 0.019522776572668113 
2 0.08533916849015317 0.7744034707158352 0.0175054704595186 0.015184381778741865 
5 0.10284463894967177 0.735357917570499 0.05470459518599562 0.05422993492407809 
5 0.10284463894967177 0.8590021691973969 0.05470459518599562 0.05422993492407809 
0 0.06345733041575492 0.9240780911062907 0.030634573304157548 0.015184381778741865 
2 0.0437636761487965 0.9240780911062907 0.015317286652078774 0.01735357917570499 
2 0.08533916849015317 0.9240780911062907 0.015317286652078774 0.015184381778741865 
5 0.1400437636761488 0.559652928416486 0.05470459518599562 0.05422993492407809 
2 0.5711159737417943 0.46637744034707157 0.0175054704595186 0.01735357917570499 
5 0.5251641137855579 0.40130151843817785 0.05470459518599562 0.05422993492407809 
2 0.4048140043763676 0.2559652928416486 0.0175054704595186 0.015184381778741865 
2 0.3851203501094092 0.27765726681127983 0.015317286652078774 0.015184381778741865 
6 0.5557986870897156 0.2559652928416486 0.030634573304157548 0.019522776572668113 
5 0.33698030634573306 0.20824295010845986 0.05470459518599562 0.05422993492407809 
