0 0.02486678507992895 0.00922509225092251 0.012433392539964476 0.02029520295202952 
0 0.15808170515097691 0.007380073800738007 0.012433392539964476 0.02029520295202952 
0 0.015985790408525755 0.15498154981549817 0.012433392539964476 0.02029520295202952 
0 0.12078152753108348 0.13653136531365315 0.02664298401420959 0.012915129151291513 
0 0.1847246891651865 0.13653136531365315 0.02664298401420959 0.014760147601476014 
0 0.15630550621669628 0.15498154981549817 0.012433392539964476 0.02029520295202952 
0 0.06394316163410302 0.13653136531365315 0.02486678507992895 0.012915129151291513 
2 0.046181172291296625 0.13653136531365315 0.014209591474245116 0.014760147601476014 
2 0.07992895204262877 0.13653136531365315 0.014209591474245116 0.014760147601476014 
0 0.369449378330373 0.9003690036900369 0.02486678507992895 0.012915129151291513 
5 0.0994671403197158 0.07564575645756458 0.04440497335701599 0.046125461254612546 
5 0.06394316163410302 0.1937269372693727 0.04440497335701599 0.046125461254612546 
5 0.3392539964476021 0.8136531365313653 0.04440497335701599 0.046125461254612546 
0 0.7975133214920072 0.4022140221402214 0.012433392539964476 0.027675276752767528 
4 0.3836589698046181 0.507380073800738 0.035523978685612786 0.00922509225092251 
4 0.4227353463587922 0.507380073800738 0.03374777975133215 0.00922509225092251 
