0 0.07118055555555555 0.02329450915141431 0.034722222222222224 0.056572379367720464 
0 0.4618055555555556 0.021630615640599003 0.034722222222222224 0.05490848585690516 
0 0.04861111111111111 0.4209650582362729 0.034722222222222224 0.05490848585690516 
0 0.3524305555555556 0.36772046589018303 0.078125 0.036605657237936774 
0 0.5416666666666666 0.36772046589018303 0.078125 0.04159733777038269 
0 0.4600694444444444 0.4209650582362729 0.036458333333333336 0.05490848585690516 
0 0.1857638888888889 0.36772046589018303 0.07118055555555555 0.036605657237936774 
2 0.13541666666666666 0.36772046589018303 0.041666666666666664 0.03993344425956739 
2 0.234375 0.36938435940099834 0.041666666666666664 0.03993344425956739 
5 0.2934027777777778 0.20632279534109818 0.1284722222222222 0.12312811980033278 
5 0.1857638888888889 0.5257903494176372 0.1284722222222222 0.12479201331114809 
