0 0.06796116504854369 0.02577319587628866 0.03155339805825243 0.059278350515463915 
0 0.4320388349514563 0.023195876288659795 0.03155339805825243 0.05670103092783505 
0 0.04611650485436893 0.43556701030927836 0.03155339805825243 0.05670103092783505 
0 0.3276699029126214 0.3788659793814433 0.07281553398058252 0.03865979381443299 
0 0.5048543689320388 0.3788659793814433 0.07281553398058252 0.04381443298969072 
0 0.42961165048543687 0.43556701030927836 0.03398058252427184 0.05670103092783505 
0 0.17233009708737865 0.3788659793814433 0.06553398058252427 0.03865979381443299 
2 0.1262135922330097 0.3788659793814433 0.038834951456310676 0.041237113402061855 
2 0.21844660194174756 0.38144329896907214 0.038834951456310676 0.041237113402061855 
5 0.27184466019417475 0.211340206185567 0.11893203883495146 0.12628865979381443 
5 0.17233009708737865 0.5438144329896907 0.11893203883495146 0.12886597938144329 
