0 0.40234375 0.48828125 0.029296875 0.013671875 
0 0.4765625 0.48828125 0.029296875 0.013671875 
0 0.4453125 0.5078125 0.013671875 0.021484375 
0 0.52734375 0.509765625 0.013671875 0.021484375 
0 0.568359375 0.48828125 0.029296875 0.013671875 
0 0.630859375 0.48828125 0.029296875 0.015625 
0 0.705078125 0.48828125 0.029296875 0.013671875 
2 0.548828125 0.48828125 0.015625 0.013671875 
2 0.587890625 0.48828125 0.015625 0.013671875 
0 0.673828125 0.5078125 0.013671875 0.021484375 
0 0.40234375 0.64453125 0.029296875 0.013671875 
0 0.474609375 0.64453125 0.029296875 0.013671875 
0 0.4453125 0.6640625 0.013671875 0.021484375 
0 0.517578125 0.6640625 0.013671875 0.021484375 
0 0.6328125 0.64453125 0.029296875 0.013671875 
0 0.703125 0.64453125 0.029296875 0.015625 
0 0.671875 0.6640625 0.013671875 0.021484375 
0 0.5703125 0.64453125 0.02734375 0.013671875 
2 0.55078125 0.64453125 0.015625 0.015625 
2 0.587890625 0.64453125 0.015625 0.015625 
5 0.609375 0.42578125 0.048828125 0.048828125 
5 0.79296875 0.38671875 0.048828125 0.048828125 
5 0.859375 0.38671875 0.048828125 0.048828125 
5 0.609375 0.580078125 0.048828125 0.048828125 
5 0.5703125 0.705078125 0.048828125 0.048828125 
