2 0.185546875 0.4563894523326572 0.041015625 0.08113590263691683 
3 0.18359375 0.3975659229208925 0.04296875 0.04462474645030426 
6 0.185546875 0.7139959432048681 0.052734375 0.08924949290060852 
6 0.46484375 0.8093306288032455 0.064453125 0.04462474645030426 
6 0.525390625 0.8985801217038539 0.052734375 0.08519269776876268 
6 0.8203125 0.13184584178498987 0.046875 0.06693711967545639 
5 0.904296875 0.6044624746450304 0.146484375 0.15212981744421908 
2 0.583984375 0.19675456389452334 0.046875 0.04462474645030426 
2 0.529296875 0.25760649087221094 0.041015625 0.04259634888438134 
6 0.986328125 0.19675456389452334 0.08203125 0.056795131845841784 
5 0.404296875 0.06693711967545639 0.14453125 0.15212981744421908 
