0 0.0546875 0.095703125 0.013671875 0.029296875 
0 0.40234375 0.095703125 0.015625 0.029296875 
0 0.54296875 0.005859375 0.013671875 0.021484375 
0 0.732421875 0.005859375 0.013671875 0.021484375 
0 0.619140625 0.126953125 0.029296875 0.013671875 
0 0.546875 0.572265625 0.029296875 0.013671875 
0 0.44140625 0.708984375 0.015625 0.029296875 
0 0.595703125 0.591796875 0.013671875 0.021484375 
0 0.68359375 0.572265625 0.029296875 0.013671875 
2 0.666015625 0.5703125 0.015625 0.015625 
2 0.705078125 0.572265625 0.013671875 0.015625 
0 0.78125 0.572265625 0.029296875 0.013671875 
0 0.748046875 0.591796875 0.013671875 0.021484375 
0 0.740234375 0.748046875 0.029296875 0.015625 
0 0.646484375 0.771484375 0.013671875 0.021484375 
0 0.15234375 0.70703125 0.013671875 0.02734375 
4 0.724609375 0.73828125 0.009765625 0.0390625 
5 0.720703125 0.51953125 0.048828125 0.048828125 
4 0.603515625 0.115234375 0.009765625 0.0390625 
0 0.51953125 0.146484375 0.01171875 0.021484375 
