2 0.45703125 0.625 0.02734375 0.052734375 
3 0.455078125 0.58984375 0.029296875 0.029296875 
6 0.45703125 0.79296875 0.03515625 0.056640625 
6 0.642578125 0.8515625 0.04296875 0.029296875 
6 0.68359375 0.91015625 0.03515625 0.0546875 
6 0.880859375 0.41796875 0.03125 0.04296875 
5 0.935546875 0.720703125 0.09765625 0.09765625 
2 0.72265625 0.4609375 0.03125 0.029296875 
2 0.685546875 0.498046875 0.02734375 0.02734375 
6 0.990234375 0.4609375 0.0546875 0.037109375 
5 0.603515625 0.376953125 0.095703125 0.09765625 
