0 0.3844856661045531 0.00676818950930626 0.011804384485666104 0.018612521150592216 
0 0.45531197301854975 0.008460236886632826 0.011804384485666104 0.018612521150592216 
0 0.581787521079258 0.00676818950930626 0.011804384485666104 0.018612521150592216 
0 0.3473861720067454 0.12521150592216582 0.025295109612141653 0.011844331641285956 
0 0.40978077571669475 0.12521150592216582 0.025295109612141653 0.011844331641285956 
0 0.3844856661045531 0.14213197969543148 0.011804384485666104 0.018612521150592216 
0 0.4468802698145025 0.14213197969543148 0.011804384485666104 0.018612521150592216 
0 0.5463743676222597 0.12521150592216582 0.025295109612141653 0.011844331641285956 
0 0.6070826306913997 0.12521150592216582 0.025295109612141653 0.01353637901861252 
0 0.5801011804384486 0.14213197969543148 0.011804384485666104 0.018612521150592216 
0 0.4924114671163575 0.12521150592216582 0.023608768971332208 0.011844331641285956 
2 0.47554806070826305 0.12521150592216582 0.013490725126475547 0.01353637901861252 
2 0.5075885328836425 0.12521150592216582 0.013490725126475547 0.01353637901861252 
0 0.7824620573355818 0.8257191201353637 0.023608768971332208 0.011844331641285956 
5 0.5261382799325464 0.06937394247038917 0.04215851602023609 0.04230118443316413 
5 0.4924114671163575 0.17766497461928935 0.04215851602023609 0.04230118443316413 
5 0.7537942664418212 0.7461928934010152 0.04215851602023609 0.04230118443316413 
5 0.7537942664418212 0.9661590524534687 0.04215851602023609 0.04230118443316413 
0 0.96964586846543 0.9966159052453468 0.025295109612141653 0.011844331641285956 
0 0.4300168634064081 0.47377326565143824 0.013490725126475547 0.021996615905245348 
4 0.7959527824620574 0.4653130287648054 0.03372681281618887 0.008460236886632826 
4 0.8330522765598651 0.4653130287648054 0.03204047217537943 0.008460236886632826 
