5 0.21616871704745166 0.09174311926605505 0.08787346221441125 0.08990825688073395 
5 0.21616871704745166 0.1871559633027523 0.08611599297012303 0.08990825688073395 
5 0.7381370826010545 0.1688073394495413 0.08611599297012303 0.08990825688073395 
5 0.21441124780316345 0.48256880733944957 0.08787346221441125 0.08990825688073395 
5 0.21616871704745166 0.5779816513761468 0.08611599297012303 0.08990825688073395 
5 0.7398945518453427 0.5596330275229358 0.08611599297012303 0.08990825688073395 
5 0.21616871704745166 0.9688073394495413 0.08611599297012303 0.09174311926605505 
5 0.7381370826010545 0.9486238532110092 0.08611599297012303 0.08990825688073395 
0 0.9982425307557118 0.9889908256880734 0.05272407732864675 0.027522935779816515 
0 0.961335676625659 0.8330275229357799 0.054481546572934976 0.029357798165137616 
0 0.961335676625659 0.6770642201834862 0.05272407732864675 0.029357798165137616 
0 0.961335676625659 0.5614678899082569 0.04745166959578207 0.027522935779816515 
0 0.6432337434094904 0.6770642201834862 0.04745166959578207 0.027522935779816515 
0 0.06678383128295255 0.6770642201834862 0.04745166959578207 0.027522935779816515 
0 0.06678383128295255 0.28623853211009176 0.04745166959578207 0.025688073394495414 
0 0.6449912126537786 0.28623853211009176 0.0492091388400703 0.025688073394495414 
