6 0.009765625 0.578125 0.01953125 0.02734375 
2 0.029296875 0.400390625 0.013671875 0.015625 
6 0.072265625 0.380859375 0.015625 0.01953125 
6 0.142578125 0.400390625 0.02734375 0.015625 
6 0.021484375 0.95703125 0.015625 0.021484375 
6 0.544921875 0.896484375 0.029296875 0.017578125 
6 0.626953125 0.875 0.015625 0.021484375 
3 0.6953125 0.896484375 0.02734375 0.013671875 
6 0.75 0.875 0.013671875 0.01953125 
6 0.791015625 0.896484375 0.02734375 0.01953125 
2 0.009765625 0.419921875 0.015625 0.015625 
5 0.6640625 0.841796875 0.048828125 0.048828125 
