6 0.556640625 0.197265625 0.02734375 0.017578125 
6 0.357421875 0.33203125 0.02734375 0.017578125 
6 0.412109375 0.310546875 0.015625 0.021484375 
6 0.505859375 0.45703125 0.015625 0.021484375 
2 0.619140625 0.4765625 0.015625 0.013671875 
6 0.669921875 0.478515625 0.02734375 0.017578125 
6 0.7265625 0.45703125 0.015625 0.021484375 
6 0.5234375 0.560546875 0.02734375 0.017578125 
6 0.482421875 0.58203125 0.013671875 0.01953125 
6 0.591796875 0.5390625 0.013671875 0.021484375 
6 0.79296875 0.33203125 0.029296875 0.017578125 
6 0.951171875 0.4765625 0.02734375 0.017578125 
2 0.978515625 0.478515625 0.015625 0.015625 
2 0.576171875 0.197265625 0.015625 0.013671875 
5 0.591796875 0.162109375 0.048828125 0.048828125 
5 0.591796875 0.2734375 0.048828125 0.048828125 
0 0.556640625 0.33203125 0.02734375 0.013671875 
2 0.5390625 0.33203125 0.013671875 0.015625 
2 0.576171875 0.33203125 0.013671875 0.013671875 
5 0.91015625 0.435546875 0.048828125 0.048828125 
5 0.625 0.00390625 0.048828125 0.048828125 
4 0.619140625 0.548828125 0.009765625 0.0390625 
