5 0.17787418655097614 0.09913793103448276 0.05422993492407809 0.05387931034482758 
5 0.17787418655097614 0.3275862068965517 0.05422993492407809 0.05387931034482758 
5 0.17787418655097614 0.5581896551724138 0.05422993492407809 0.05387931034482758 
5 0.210412147505423 0.9008620689655172 0.05639913232104121 0.05387931034482758 
0 0.11713665943600868 0.959051724137931 0.03036876355748373 0.017241379310344827 
1 0.06290672451193059 0.8275862068965517 0.021691973969631236 0.017241379310344827 
1 0.31670281995661603 0.8814655172413793 0.03036876355748373 0.023706896551724137 
0 0.31670281995661603 0.7629310344827587 0.03036876355748373 0.017241379310344827 
0 0.31670281995661603 0.6724137931034483 0.03036876355748373 0.015086206896551725 
0 0.1193058568329718 0.6271551724137931 0.03036876355748373 0.015086206896551725 
0 0.3383947939262473 0.5797413793103449 0.03253796095444685 0.015086206896551725 
0 0.31670281995661603 0.4892241379310345 0.03253796095444685 0.017241379310344827 
0 0.31670281995661603 0.39655172413793105 0.03253796095444685 0.017241379310344827 
0 0.31670281995661603 0.3297413793103448 0.03036876355748373 0.015086206896551725 
0 0.1193058568329718 0.39655172413793105 0.03036876355748373 0.015086206896551725 
0 0.12147505422993492 0.16810344827586207 0.03036876355748373 0.015086206896551725 
