0 0.306640625 0.478515625 0.05859375 0.029296875 
0 0.453125 0.478515625 0.05859375 0.029296875 
0 0.388671875 0.517578125 0.025390625 0.04296875 
0 0.5546875 0.51953125 0.025390625 0.044921875 
0 0.638671875 0.4765625 0.05859375 0.029296875 
0 0.76171875 0.4765625 0.05859375 0.03125 
0 0.908203125 0.478515625 0.05859375 0.029296875 
2 0.59765625 0.4765625 0.03125 0.029296875 
2 0.67578125 0.4765625 0.03125 0.02734375 
0 0.84765625 0.517578125 0.025390625 0.04296875 
0 0.306640625 0.787109375 0.05859375 0.029296875 
0 0.451171875 0.787109375 0.05859375 0.029296875 
0 0.388671875 0.830078125 0.025390625 0.04296875 
0 0.537109375 0.830078125 0.025390625 0.04296875 
0 0.763671875 0.787109375 0.05859375 0.029296875 
0 0.90625 0.787109375 0.05859375 0.033203125 
0 0.845703125 0.830078125 0.02734375 0.04296875 
0 0.638671875 0.787109375 0.052734375 0.029296875 
2 0.6015625 0.787109375 0.03125 0.03125 
2 0.67578125 0.7890625 0.03125 0.03125 
5 0.71875 0.349609375 0.095703125 0.095703125 
5 0.71875 0.66015625 0.095703125 0.095703125 
5 0.638671875 0.912109375 0.095703125 0.09765625 
