6 0.11462450592885376 0.38549618320610685 0.05533596837944664 0.03625954198473282 
6 0.011857707509881422 0.8912213740458015 0.03162055335968379 0.04389312977099236 
2 0.24308300395256918 0.933206106870229 0.03162055335968379 0.026717557251908396 
6 0.3438735177865613 0.9351145038167938 0.05533596837944664 0.03625954198473282 
6 0.45652173913043476 0.8931297709923665 0.03162055335968379 0.04198473282442748 
6 0.5928853754940712 0.6507633587786259 0.05928853754940711 0.03625954198473282 
6 0.9130434782608695 0.933206106870229 0.05533596837944664 0.03625954198473282 
2 0.9703557312252964 0.9351145038167938 0.03162055335968379 0.030534351145038167 
2 0.1541501976284585 0.38549618320610685 0.03162055335968379 0.02862595419847328 
5 0.1857707509881423 0.3187022900763359 0.09683794466403162 0.09541984732824428 
5 0.1857707509881423 0.5362595419847328 0.09683794466403162 0.09351145038167939 
0 0.116600790513834 0.6507633587786259 0.05533596837944664 0.026717557251908396 
2 0.07707509881422925 0.6507633587786259 0.029644268774703556 0.030534351145038167 
2 0.15612648221343872 0.6507633587786259 0.029644268774703556 0.02862595419847328 
5 0.8320158102766798 0.8530534351145038 0.09683794466403162 0.09351145038167939 
5 0.25296442687747034 0.007633587786259542 0.09683794466403162 0.09541984732824428 
