2 0.228515625 0.3125 0.013671875 0.025390625 
3 0.228515625 0.294921875 0.013671875 0.013671875 
6 0.228515625 0.396484375 0.017578125 0.029296875 
6 0.322265625 0.42578125 0.021484375 0.013671875 
6 0.341796875 0.455078125 0.017578125 0.02734375 
6 0.509765625 0.578125 0.01953125 0.02734375 
2 0.529296875 0.400390625 0.013671875 0.015625 
6 0.572265625 0.380859375 0.015625 0.01953125 
6 0.642578125 0.400390625 0.02734375 0.015625 
6 0.439453125 0.208984375 0.015625 0.021484375 
6 0.056640625 0.697265625 0.02734375 0.017578125 
6 0.005859375 0.95703125 0.015625 0.021484375 
2 0.119140625 0.9765625 0.015625 0.013671875 
6 0.169921875 0.978515625 0.02734375 0.017578125 
6 0.2265625 0.95703125 0.015625 0.021484375 
6 0.29296875 0.83203125 0.029296875 0.017578125 
6 0.451171875 0.9765625 0.02734375 0.017578125 
2 0.478515625 0.978515625 0.015625 0.015625 
6 0.521484375 0.95703125 0.015625 0.021484375 
2 0.076171875 0.697265625 0.015625 0.013671875 
5 0.091796875 0.662109375 0.048828125 0.048828125 
5 0.091796875 0.7734375 0.048828125 0.048828125 
0 0.056640625 0.83203125 0.02734375 0.013671875 
2 0.0390625 0.83203125 0.013671875 0.015625 
2 0.076171875 0.83203125 0.013671875 0.013671875 
5 0.41015625 0.935546875 0.048828125 0.048828125 
5 0.125 0.50390625 0.048828125 0.048828125 
2 0.509765625 0.419921875 0.015625 0.015625 
5 0.46875 0.361328125 0.048828125 0.048828125 
2 0.361328125 0.23046875 0.015625 0.013671875 
2 0.34375 0.25 0.013671875 0.013671875 
6 0.49609375 0.23046875 0.02734375 0.017578125 
5 0.30078125 0.1875 0.048828125 0.048828125 
