0 0.3333333333333333 0.5104166666666666 0.06369426751592357 0.03125 
0 0.49256900212314225 0.5104166666666666 0.06369426751592357 0.03125 
0 0.42250530785562634 0.5520833333333334 0.027600849256900213 0.04583333333333333 
0 0.6029723991507431 0.5541666666666667 0.027600849256900213 0.04791666666666667 
0 0.6942675159235668 0.5083333333333333 0.06369426751592357 0.03125 
0 0.8280254777070064 0.5083333333333333 0.06369426751592357 0.03333333333333333 
0 0.9872611464968153 0.5104166666666666 0.06369426751592357 0.03125 
2 0.6496815286624203 0.5083333333333333 0.03397027600849257 0.03125 
2 0.7346072186836518 0.5083333333333333 0.03397027600849257 0.029166666666666667 
0 0.921443736730361 0.5520833333333334 0.027600849256900213 0.04583333333333333 
0 0.3333333333333333 0.8395833333333333 0.06369426751592357 0.03125 
0 0.49044585987261147 0.8395833333333333 0.06369426751592357 0.03125 
0 0.42250530785562634 0.8854166666666666 0.027600849256900213 0.04583333333333333 
0 0.583864118895966 0.8854166666666666 0.027600849256900213 0.04583333333333333 
0 0.8301486199575372 0.8395833333333333 0.06369426751592357 0.03125 
0 0.9851380042462845 0.8395833333333333 0.06369426751592357 0.035416666666666666 
0 0.9193205944798302 0.8854166666666666 0.029723991507430998 0.04583333333333333 
0 0.6942675159235668 0.8395833333333333 0.05732484076433121 0.03125 
2 0.6539278131634819 0.8395833333333333 0.03397027600849257 0.03333333333333333 
2 0.7346072186836518 0.8416666666666667 0.03397027600849257 0.03333333333333333 
5 0.7813163481953291 0.3729166666666667 0.1040339702760085 0.10208333333333333 
5 0.7813163481953291 0.7041666666666667 0.1040339702760085 0.10208333333333333 
5 0.6942675159235668 0.9729166666666667 0.1040339702760085 0.10416666666666667 
