0 0.4853658536585366 0.02112676056338028 0.03170731707317073 0.051643192488262914 
0 0.6926829268292682 0.023474178403755867 0.03170731707317073 0.0539906103286385 
0 0.3829268292682927 0.34507042253521125 0.07317073170731707 0.035211267605633804 
0 0.5634146341463414 0.34507042253521125 0.07317073170731707 0.035211267605633804 
0 0.4853658536585366 0.3967136150234742 0.03170731707317073 0.051643192488262914 
0 0.6707317073170732 0.3967136150234742 0.03170731707317073 0.051643192488262914 
0 0.9536585365853658 0.34507042253521125 0.07317073170731707 0.035211267605633804 
0 0.7975609756097561 0.34507042253521125 0.06585365853658537 0.035211267605633804 
2 0.751219512195122 0.34507042253521125 0.03902439024390244 0.03755868544600939 
2 0.8439024390243902 0.3474178403755869 0.03902439024390244 0.03755868544600939 
5 0.8975609756097561 0.19248826291079812 0.11951219512195121 0.11502347417840375 
5 0.7975609756097561 0.4953051643192488 0.11951219512195121 0.11737089201877934 
