2 0.4727272727272727 0.6722689075630253 0.028282828282828285 0.05672268907563025 
3 0.4707070707070707 0.634453781512605 0.030303030303030304 0.031512605042016806 
6 0.4727272727272727 0.8529411764705882 0.03636363636363636 0.06092436974789916 
6 0.6646464646464646 0.9159663865546218 0.044444444444444446 0.031512605042016806 
6 0.7070707070707071 0.9789915966386554 0.03636363636363636 0.058823529411764705 
6 0.9111111111111111 0.4495798319327731 0.03232323232323232 0.046218487394957986 
5 0.9676767676767677 0.7752100840336135 0.10101010101010101 0.10504201680672269 
2 0.7474747474747475 0.4957983193277311 0.03232323232323232 0.031512605042016806 
2 0.7090909090909091 0.5357142857142857 0.028282828282828285 0.029411764705882353 
5 0.6242424242424243 0.4054621848739496 0.09898989898989899 0.10504201680672269 
