6 0.13518518518518519 0.7730496453900709 0.040740740740740744 0.026595744680851064 
6 0.17407407407407408 0.8262411347517731 0.03333333333333333 0.04964539007092199 
2 0.5277777777777778 0.7269503546099291 0.027777777777777776 0.028368794326241134 
6 0.6129629629629629 0.6914893617021277 0.02962962962962963 0.03723404255319149 
6 0.7444444444444445 0.7287234042553191 0.05185185185185185 0.030141843971631204 
6 0.3611111111111111 0.37943262411347517 0.02962962962962963 0.03900709219858156 
2 0.4925925925925926 0.7624113475177305 0.02962962962962963 0.028368794326241134 
5 0.412962962962963 0.6542553191489362 0.09259259259259259 0.08865248226950355 
2 0.2111111111111111 0.41843971631205673 0.02962962962962963 0.026595744680851064 
2 0.17592592592592593 0.4521276595744681 0.025925925925925925 0.024822695035460994 
6 0.4648148148148148 0.41843971631205673 0.05185185185185185 0.03368794326241135 
5 0.09814814814814815 0.3421985815602837 0.09074074074074075 0.08865248226950355 
