5 0.3296 0.33853354134165364 0.0656 0.06396255850234009 
0 0.256 0.42589703588143524 0.0384 0.0202808112324493 
0 0.2576 0.7082683307332294 0.0384 0.0202808112324493 
5 0.3312 0.62402496099844 0.0656 0.06396255850234009 
0 0.504 0.6209048361934477 0.0368 0.0202808112324493 
0 0.504 0.7067082683307332 0.0368 0.0202808112324493 
0 0.504 0.8205928237129485 0.0368 0.0202808112324493 
0 0.5328 0.9360374414976599 0.0368 0.0218408736349454 
5 0.3296 0.9079563182527302 0.0656 0.06396255850234009 
0 0.2576 0.9921996879875195 0.0384 0.0218408736349454 
