0 0.04935064935064935 0.16445623342175067 0.02077922077922078 0.03713527851458886 
0 0.509090909090909 0.1220159151193634 0.01818181818181818 0.03978779840848806 
2 0.42077922077922075 0.1724137931034483 0.01818181818181818 0.01856763925729443 
0 0.7376623376623377 0.129973474801061 0.01818181818181818 0.03978779840848806 
0 0.5766233766233766 0.9708222811671088 0.02077922077922078 0.03978779840848806 
0 0.8675324675324675 0.9602122015915119 0.01818181818181818 0.03713527851458886 
5 0.509090909090909 0.042440318302387266 0.06493506493506493 0.06631299734748011 
5 0.04935064935064935 0.07957559681697612 0.06493506493506493 0.06631299734748011 
5 0.5766233766233766 0.896551724137931 0.06493506493506493 0.06631299734748011 
5 0.06493506493506493 0.9283819628647215 0.06493506493506493 0.06896551724137931 
