0 0.04296875 0.005859375 0.013671875 0.021484375 
0 0.232421875 0.005859375 0.013671875 0.021484375 
0 0.119140625 0.126953125 0.029296875 0.013671875 
0 0.046875 0.572265625 0.029296875 0.013671875 
0 0.095703125 0.591796875 0.013671875 0.021484375 
0 0.18359375 0.572265625 0.029296875 0.013671875 
2 0.166015625 0.5703125 0.015625 0.015625 
2 0.205078125 0.572265625 0.013671875 0.015625 
0 0.28125 0.572265625 0.029296875 0.013671875 
0 0.248046875 0.591796875 0.013671875 0.021484375 
0 0.240234375 0.748046875 0.029296875 0.015625 
0 0.146484375 0.771484375 0.013671875 0.021484375 
4 0.224609375 0.73828125 0.009765625 0.0390625 
5 0.220703125 0.51953125 0.048828125 0.048828125 
4 0.103515625 0.115234375 0.009765625 0.0390625 
0 0.01953125 0.146484375 0.01171875 0.021484375 
