6 0.6 0.22004357298474944 0.029473684210526315 0.0196078431372549 
6 0.38526315789473686 0.37037037037037035 0.029473684210526315 0.0196078431372549 
6 0.4442105263157895 0.3464052287581699 0.016842105263157894 0.023965141612200435 
6 0.5452631578947369 0.5098039215686274 0.016842105263157894 0.023965141612200435 
2 0.6673684210526316 0.5315904139433552 0.016842105263157894 0.015250544662309368 
6 0.7221052631578947 0.5337690631808278 0.029473684210526315 0.0196078431372549 
6 0.783157894736842 0.5098039215686274 0.016842105263157894 0.023965141612200435 
6 0.5642105263157895 0.6252723311546841 0.029473684210526315 0.0196078431372549 
6 0.52 0.6492374727668845 0.014736842105263158 0.02178649237472767 
6 0.6378947368421053 0.6013071895424836 0.014736842105263158 0.023965141612200435 
6 0.8547368421052631 0.37037037037037035 0.031578947368421054 0.0196078431372549 
2 0.6210526315789474 0.22004357298474944 0.016842105263157894 0.015250544662309368 
5 0.6378947368421053 0.18082788671023964 0.05263157894736842 0.054466230936819175 
5 0.6378947368421053 0.30501089324618735 0.05263157894736842 0.054466230936819175 
0 0.6 0.37037037037037035 0.029473684210526315 0.015250544662309368 
2 0.5810526315789474 0.37037037037037035 0.014736842105263158 0.017429193899782137 
2 0.6210526315789474 0.37037037037037035 0.014736842105263158 0.015250544662309368 
5 0.9810526315789474 0.485838779956427 0.05263157894736842 0.054466230936819175 
5 0.6736842105263158 0.004357298474945534 0.05263157894736842 0.054466230936819175 
4 0.6673684210526316 0.6122004357298475 0.010526315789473684 0.04357298474945534 
