0 0.02734375 0.509765625 0.013671875 0.021484375 
0 0.068359375 0.48828125 0.029296875 0.013671875 
0 0.130859375 0.48828125 0.029296875 0.015625 
0 0.205078125 0.48828125 0.029296875 0.013671875 
2 0.048828125 0.48828125 0.015625 0.013671875 
2 0.087890625 0.48828125 0.015625 0.013671875 
0 0.173828125 0.5078125 0.013671875 0.021484375 
0 0.017578125 0.6640625 0.013671875 0.021484375 
0 0.1328125 0.64453125 0.029296875 0.013671875 
0 0.203125 0.64453125 0.029296875 0.015625 
0 0.171875 0.6640625 0.013671875 0.021484375 
0 0.0703125 0.64453125 0.02734375 0.013671875 
2 0.05078125 0.64453125 0.015625 0.015625 
2 0.087890625 0.64453125 0.015625 0.015625 
5 0.109375 0.42578125 0.048828125 0.048828125 
5 0.29296875 0.38671875 0.048828125 0.048828125 
5 0.359375 0.38671875 0.048828125 0.048828125 
5 0.109375 0.580078125 0.048828125 0.048828125 
5 0.0703125 0.705078125 0.048828125 0.048828125 
0 0.876953125 0.92578125 0.013671875 0.029296875 
