6 0.142578125 0.8515625 0.04296875 0.029296875 
6 0.18359375 0.91015625 0.03515625 0.0546875 
2 0.556640625 0.80078125 0.029296875 0.03125 
6 0.646484375 0.76171875 0.03125 0.041015625 
6 0.78515625 0.802734375 0.0546875 0.033203125 
6 0.380859375 0.41796875 0.03125 0.04296875 
2 0.51953125 0.83984375 0.03125 0.03125 
5 0.435546875 0.720703125 0.09765625 0.09765625 
2 0.22265625 0.4609375 0.03125 0.029296875 
2 0.185546875 0.498046875 0.02734375 0.02734375 
6 0.490234375 0.4609375 0.0546875 0.037109375 
5 0.103515625 0.376953125 0.095703125 0.09765625 
