0 0.04560260586319218 0.5008210180623974 0.011400651465798045 0.024630541871921183 
0 0.3355048859934853 0.5008210180623974 0.013029315960912053 0.024630541871921183 
0 0.41368078175895767 0.4072249589490969 0.024429967426710098 0.011494252873563218 
0 0.4527687296416938 0.42528735632183906 0.011400651465798045 0.0180623973727422 
0 0.5276872964169381 0.4072249589490969 0.024429967426710098 0.009852216748768473 
0 0.6416938110749185 0.4072249589490969 0.024429967426710098 0.013136288998357963 
0 0.6107491856677525 0.42528735632183906 0.011400651465798045 0.0180623973727422 
0 0.5162866449511401 0.5270935960591133 0.024429967426710098 0.011494252873563218 
0 0.4560260586319218 0.9014778325123153 0.024429967426710098 0.011494252873563218 
0 0.496742671009772 0.9178981937602627 0.011400651465798045 0.0180623973727422 
0 0.5700325732899023 0.9014778325123153 0.024429967426710098 0.011494252873563218 
2 0.5553745928338762 0.8998357963875205 0.013029315960912053 0.013136288998357963 
2 0.5879478827361564 0.9014778325123153 0.011400651465798045 0.013136288998357963 
0 0.6514657980456026 0.9014778325123153 0.024429967426710098 0.011494252873563218 
0 0.6237785016286646 0.9178981937602627 0.011400651465798045 0.0180623973727422 
5 0.6009771986970684 0.8571428571428571 0.04071661237785016 0.041050903119868636 
4 0.503257328990228 0.5172413793103449 0.008143322475570033 0.03284072249589491 
0 0.43322475570032576 0.5435139573070608 0.009771986970684038 0.0180623973727422 
2 0.511400651465798 0.4072249589490969 0.011400651465798045 0.013136288998357963 
2 0.5439739413680782 0.4072249589490969 0.011400651465798045 0.013136288998357963 
5 0.5570032573289903 0.36617405582922824 0.04071661237785016 0.041050903119868636 
