2 0.8518518518518519 0.04786324786324787 0.037037037037037035 0.037606837606837605 
5 0.25252525252525254 0.7128205128205128 0.07912457912457913 0.08034188034188035 
5 0.3383838383838384 0.7572649572649572 0.07912457912457913 0.08034188034188035 
5 0.41919191919191917 0.788034188034188 0.07912457912457913 0.07863247863247863 
5 0.2558922558922559 0.8034188034188035 0.07912457912457913 0.07692307692307693 
5 0.16835016835016836 0.8273504273504273 0.07912457912457913 0.07863247863247863 
5 0.2138047138047138 0.9213675213675213 0.07912457912457913 0.08205128205128205 
5 0.41919191919191917 0.882051282051282 0.07912457912457913 0.08034188034188035 
5 0.41919191919191917 0.9777777777777777 0.08080808080808081 0.08034188034188035 
5 0.5808080808080808 0.8290598290598291 0.08080808080808081 0.07863247863247863 
5 0.5808080808080808 0.935042735042735 0.08080808080808081 0.08034188034188035 
