5 0.12109375 0.4609375 0.048828125 0.046875 
5 0.1640625 0.4609375 0.044921875 0.044921875 
5 0.462890625 0.10546875 0.046875 0.046875 
2 0.404296875 0.3359375 0.01953125 0.021484375 
3 0.404296875 0.380859375 0.021484375 0.033203125 
2 0.404296875 0.427734375 0.021484375 0.021484375 
3 0.376953125 0.5859375 0.017578125 0.03125 
3 0.431640625 0.5859375 0.01953125 0.033203125 
2 0.9140625 0.1328125 0.01953125 0.021484375 
2 0.65625 0.912109375 0.01953125 0.021484375 
3 0.65625 0.8359375 0.01953125 0.03125 
3 0.568359375 0.77734375 0.033203125 0.021484375 
3 0.751953125 0.623046875 0.01953125 0.033203125 
