5 0.794044665012407 0.03598971722365039 0.05955334987593052 0.061696658097686374 
5 0.9454094292803971 0.005141388174807198 0.05955334987593052 0.061696658097686374 
5 0.9454094292803971 0.07712082262210797 0.05955334987593052 0.061696658097686374 
5 0.7543424317617866 0.10282776349614396 0.05955334987593052 0.061696658097686374 
3 0.2456575682382134 0.11825192802056556 0.02481389578163772 0.043701799485861184 
3 0.2729528535980149 0.20565552699228792 0.02729528535980149 0.043701799485861184 
3 0.3027295285359802 0.2930591259640103 0.02481389578163772 0.043701799485861184 
3 0.37965260545905705 0.390745501285347 0.03970223325062035 0.028277634961439587 
5 0.8461538461538461 0.9897172236503856 0.05955334987593052 0.061696658097686374 
5 0.9032258064516129 0.9897172236503856 0.05955334987593052 0.05912596401028278 
