5 0.20572916666666666 0.20851063829787234 0.0625 0.05106382978723404 
5 0.140625 0.28085106382978725 0.0625 0.05106382978723404 
5 0.20833333333333334 0.26595744680851063 0.0625 0.04893617021276596 
5 0.2708333333333333 0.23617021276595745 0.0625 0.04893617021276596 
5 0.3359375 0.2553191489361702 0.059895833333333336 0.05106382978723404 
5 0.3359375 0.3148936170212766 0.0625 0.05106382978723404 
5 0.3359375 0.37446808510638296 0.0625 0.05106382978723404 
5 0.17447916666666666 0.3404255319148936 0.0625 0.05106382978723404 
5 0.15885416666666666 0.4595744680851064 0.0625 0.05106382978723404 
5 0.4583333333333333 0.28085106382978725 0.059895833333333336 0.05106382978723404 
5 0.4583333333333333 0.3468085106382979 0.059895833333333336 0.05106382978723404 
2 0.6588541666666666 0.574468085106383 0.028645833333333332 0.023404255319148935 
5 0.19791666666666666 0.9893617021276596 0.0625 0.05106382978723404 
