5 0.11231884057971014 0.4191829484902309 0.04528985507246377 0.04262877442273535 
5 0.15217391304347827 0.4191829484902309 0.041666666666666664 0.04085257548845471 
5 0.42934782608695654 0.09591474245115453 0.043478260869565216 0.04262877442273535 
2 0.375 0.30550621669627 0.018115942028985508 0.019538188277087035 
3 0.375 0.3463587921847247 0.019927536231884056 0.03019538188277087 
2 0.375 0.38898756660746003 0.019927536231884056 0.019538188277087035 
3 0.3496376811594203 0.5328596802841918 0.016304347826086956 0.028419182948490232 
3 0.4003623188405797 0.5328596802841918 0.018115942028985508 0.03019538188277087 
2 0.8478260869565217 0.12078152753108348 0.018115942028985508 0.019538188277087035 
2 0.6086956521739131 0.8294849023090586 0.018115942028985508 0.019538188277087035 
3 0.6086956521739131 0.7602131438721137 0.018115942028985508 0.028419182948490232 
3 0.5271739130434783 0.7069271758436945 0.030797101449275364 0.019538188277087035 
3 0.697463768115942 0.566607460035524 0.018115942028985508 0.03019538188277087 
0 0.10869565217391304 0.9538188277087034 0.028985507246376812 0.019538188277087035 
