5 0.2962264150943396 0.35714285714285715 0.08867924528301886 0.08791208791208792 
5 0.2037735849056604 0.4816849816849817 0.09056603773584905 0.08791208791208792 
5 0.3018867924528302 0.45787545787545786 0.09056603773584905 0.08424908424908426 
5 0.3905660377358491 0.4065934065934066 0.08867924528301886 0.08424908424908426 
5 0.4849056603773585 0.43956043956043955 0.08679245283018867 0.08791208791208792 
5 0.4830188679245283 0.5421245421245421 0.08867924528301886 0.08608058608058608 
5 0.4830188679245283 0.6428571428571429 0.08867924528301886 0.08791208791208792 
5 0.2528301886792453 0.5842490842490843 0.08867924528301886 0.08791208791208792 
5 0.22641509433962265 0.7912087912087912 0.08867924528301886 0.08791208791208792 
5 0.6622641509433962 0.4835164835164835 0.08679245283018867 0.08608058608058608 
5 0.6622641509433962 0.5970695970695971 0.08679245283018867 0.08791208791208792 
2 0.9547169811320755 0.989010989010989 0.04150943396226415 0.040293040293040296 
