3 0.11475409836065574 0.4012605042016807 0.022540983606557378 0.03571428571428571 
3 0.09221311475409837 0.4726890756302521 0.020491803278688523 0.03571428571428571 
3 0.06762295081967214 0.542016806722689 0.020491803278688523 0.03571428571428571 
3 0.0020491803278688526 0.6218487394957983 0.036885245901639344 0.023109243697478993 
5 0.6516393442622951 0.4957983193277311 0.05122950819672131 0.05042016806722689 
5 0.6967213114754098 0.4957983193277311 0.0471311475409836 0.04831932773109244 
2 0.9487704918032787 0.36134453781512604 0.020491803278688523 0.023109243697478993 
3 0.9487704918032787 0.4096638655462185 0.022540983606557378 0.03571428571428571 
2 0.9487704918032787 0.46008403361344535 0.022540983606557378 0.023109243697478993 
3 0.9200819672131147 0.6302521008403361 0.018442622950819672 0.03361344537815126 
3 0.9774590163934426 0.6302521008403361 0.020491803278688523 0.03571428571428571 
2 0.4180327868852459 0.14285714285714285 0.020491803278688523 0.023109243697478993 
