2 0.3375796178343949 0.10725552050473186 0.01592356687898089 0.017350157728706624 
5 0.9410828025477707 0.15457413249211358 0.03821656050955414 0.03785488958990536 
5 0.9012738853503185 0.2082018927444795 0.03821656050955414 0.03785488958990536 
5 0.9426751592356688 0.1971608832807571 0.03821656050955414 0.03627760252365931 
5 0.9808917197452229 0.1750788643533123 0.03821656050955414 0.03627760252365931 
5 0.9219745222929936 0.25236593059936907 0.03821656050955414 0.03785488958990536 
5 0.9124203821656051 0.34069400630914826 0.03821656050955414 0.03785488958990536 
5 0.9363057324840764 0.7334384858044164 0.03821656050955414 0.03785488958990536 
5 0.9761146496815286 0.7539432176656151 0.03821656050955414 0.03785488958990536 
5 0.9378980891719745 0.7744479495268138 0.03821656050955414 0.03627760252365931 
5 0.8964968152866242 0.7854889589905363 0.03821656050955414 0.03627760252365931 
5 0.9171974522292994 0.8296529968454258 0.03821656050955414 0.03785488958990536 
5 0.89171974522293 0.8706624605678234 0.03821656050955414 0.03785488958990536 
3 0.5652866242038217 0.8801261829652997 0.01592356687898089 0.026813880126182965 
3 0.5828025477707006 0.9337539432176656 0.01751592356687898 0.026813880126182965 
3 0.6019108280254777 0.9873817034700315 0.01592356687898089 0.026813880126182965 
2 0.12738853503184713 0.7365930599369085 0.01592356687898089 0.017350157728706624 
3 0.12738853503184713 0.6750788643533123 0.01592356687898089 0.025236593059936908 
3 0.05573248407643312 0.6277602523659306 0.027070063694267517 0.017350157728706624 
3 0.2054140127388535 0.5031545741324921 0.01592356687898089 0.026813880126182965 
3 0.5700636942675159 0.30126182965299686 0.01592356687898089 0.025236593059936908 
3 0.5875796178343949 0.35331230283911674 0.01592356687898089 0.026813880126182965 
3 0.6050955414012739 0.4069400630914827 0.01592356687898089 0.026813880126182965 
3 0.6544585987261147 0.4668769716088328 0.025477707006369428 0.015772870662460567 
