5 0.7280701754385965 0.45336225596529284 0.05263157894736842 0.052060737527114966 
5 0.7828947368421053 0.48156182212581344 0.05263157894736842 0.052060737527114966 
5 0.8355263157894737 0.5010845986984815 0.05263157894736842 0.049891540130151846 
5 0.7302631578947368 0.5097613882863341 0.05263157894736842 0.049891540130151846 
5 0.6732456140350878 0.5249457700650759 0.05263157894736842 0.049891540130151846 
5 0.7017543859649122 0.5856832971800434 0.05263157894736842 0.052060737527114966 
5 0.8355263157894737 0.559652928416486 0.05263157894736842 0.052060737527114966 
5 0.8355263157894737 0.6203904555314533 0.05263157894736842 0.052060737527114966 
5 0.6666666666666666 0.6420824295010846 0.05263157894736842 0.052060737527114966 
5 0.9407894736842105 0.527114967462039 0.05263157894736842 0.049891540130151846 
5 0.9407894736842105 0.5943600867678959 0.05263157894736842 0.052060737527114966 
3 0.21710526315789475 0.6550976138828634 0.021929824561403508 0.0368763557483731 
3 0.2412280701754386 0.7288503253796096 0.02412280701754386 0.0368763557483731 
3 0.2675438596491228 0.8026030368763557 0.021929824561403508 0.0368763557483731 
3 0.3355263157894737 0.8850325379609545 0.03508771929824561 0.02386117136659436 
3 0.2719298245614035 0.004338394793926247 0.021929824561403508 0.0368763557483731 
3 0.3399122807017544 0.08676789587852494 0.03508771929824561 0.021691973969631236 
