3 0.055 0.003355704697986577 0.016666666666666666 0.028523489932885907 
3 0.0016666666666666668 0.06711409395973154 0.03 0.018456375838926176 
3 0.006666666666666667 0.6845637583892618 0.02666666666666667 0.016778523489932886 
3 0.06 0.6191275167785235 0.016666666666666666 0.028523489932885907 
3 0.07666666666666666 0.5604026845637584 0.016666666666666666 0.028523489932885907 
3 0.09333333333333334 0.5050335570469798 0.018333333333333333 0.028523489932885907 
3 0.7483333333333333 0.0738255033557047 0.015 0.026845637583892617 
3 0.795 0.0738255033557047 0.016666666666666666 0.028523489932885907 
2 0.9866666666666667 0.3540268456375839 0.016666666666666666 0.018456375838926176 
3 0.9866666666666667 0.28859060402684567 0.016666666666666666 0.026845637583892617 
3 0.9116666666666666 0.23825503355704697 0.028333333333333332 0.018456375838926176 
0 0.5266666666666666 0.4714765100671141 0.02666666666666667 0.018456375838926176 
