5 0.564453125 0.46558704453441296 0.046875 0.0465587044534413 
5 0.611328125 0.4473684210526316 0.046875 0.048582995951417005 
5 0.66015625 0.42105263157894735 0.046875 0.048582995951417005 
5 0.658203125 0.4757085020242915 0.046875 0.0465587044534413 
5 0.708984375 0.48785425101214575 0.046875 0.0465587044534413 
5 0.68359375 0.5425101214574899 0.046875 0.048582995951417005 
5 0.564453125 0.5182186234817814 0.046875 0.048582995951417005 
5 0.5625 0.5748987854251012 0.048828125 0.05060728744939271 
5 0.71484375 0.597165991902834 0.046875 0.048582995951417005 
5 0.470703125 0.48785425101214575 0.046875 0.0465587044534413 
5 0.470703125 0.5506072874493927 0.046875 0.048582995951417005 
2 0.318359375 0.7672064777327935 0.021484375 0.022267206477732792 
2 0.314453125 0.024291497975708502 0.021484375 0.022267206477732792 
