5 0.05859375 0.78515625 0.046875 0.046875 
5 0.05859375 0.73046875 0.046875 0.046875 
5 0.107421875 0.712890625 0.046875 0.046875 
5 0.15625 0.6875 0.046875 0.046875 
5 0.154296875 0.740234375 0.046875 0.046875 
5 0.205078125 0.75390625 0.048828125 0.046875 
5 0.05859375 0.837890625 0.046875 0.046875 
5 0.1796875 0.80859375 0.046875 0.046875 
5 0.2109375 0.859375 0.046875 0.046875 
3 0.609375 0.873046875 0.021484375 0.033203125 
3 0.587890625 0.939453125 0.01953125 0.033203125 
2 0.8984375 0.6328125 0.01953125 0.021484375 
