5 0.631004366812227 0.4791666666666667 0.05240174672489083 0.04791666666666667 
5 0.6834061135371179 0.46041666666666664 0.05240174672489083 0.05 
5 0.7379912663755459 0.43333333333333335 0.05240174672489083 0.05 
5 0.7358078602620087 0.4895833333333333 0.05240174672489083 0.04791666666666667 
5 0.7925764192139738 0.5020833333333333 0.05240174672489083 0.04791666666666667 
5 0.7641921397379913 0.5583333333333333 0.05240174672489083 0.05 
5 0.631004366812227 0.5333333333333333 0.05240174672489083 0.05 
5 0.62882096069869 0.5916666666666667 0.05458515283842795 0.052083333333333336 
5 0.7991266375545851 0.6145833333333334 0.05240174672489083 0.05 
5 0.5262008733624454 0.5020833333333333 0.05240174672489083 0.04791666666666667 
5 0.5262008733624454 0.5666666666666667 0.05240174672489083 0.05 
2 0.3558951965065502 0.7895833333333333 0.024017467248908297 0.022916666666666665 
2 0.35152838427947597 0.025 0.024017467248908297 0.022916666666666665 
