5 0.16024340770791076 0.7224489795918367 0.0486815415821501 0.04897959183673469 
5 0.10953346855983773 0.7918367346938775 0.0486815415821501 0.04897959183673469 
5 0.16227180527383367 0.7775510204081633 0.0486815415821501 0.04693877551020408 
5 0.21095334685598377 0.7489795918367347 0.0486815415821501 0.04693877551020408 
5 0.2616632860040568 0.7673469387755102 0.04665314401622718 0.04897959183673469 
5 0.2616632860040568 0.8244897959183674 0.0486815415821501 0.04897959183673469 
5 0.2616632860040568 0.8816326530612245 0.0486815415821501 0.04897959183673469 
5 0.1359026369168357 0.8489795918367347 0.0486815415821501 0.04897959183673469 
5 0.12373225152129817 0.963265306122449 0.0486815415821501 0.04897959183673469 
5 0.35699797160243407 0.7918367346938775 0.04665314401622718 0.04897959183673469 
5 0.35699797160243407 0.8551020408163266 0.04665314401622718 0.04897959183673469 
