5 0.7827102803738317 0.23222748815165878 0.056074766355140186 0.05687203791469194 
5 0.7242990654205608 0.3127962085308057 0.056074766355140186 0.05687203791469194 
5 0.7850467289719626 0.2962085308056872 0.056074766355140186 0.054502369668246446 
5 0.8411214953271028 0.26303317535545023 0.056074766355140186 0.054502369668246446 
5 0.8995327102803738 0.2843601895734597 0.053738317757009345 0.05687203791469194 
5 0.8995327102803738 0.35071090047393366 0.056074766355140186 0.05687203791469194 
5 0.8995327102803738 0.41706161137440756 0.056074766355140186 0.05687203791469194 
5 0.7546728971962616 0.3791469194312796 0.056074766355140186 0.05687203791469194 
5 0.7406542056074766 0.5118483412322274 0.056074766355140186 0.05687203791469194 
3 0.2383177570093458 0.45260663507109006 0.02336448598130841 0.037914691943127965 
3 0.26401869158878505 0.5308056872037915 0.02336448598130841 0.04028436018957346 
3 0.2897196261682243 0.6113744075829384 0.02336448598130841 0.04028436018957346 
3 0.3621495327102804 0.7014218009478673 0.037383177570093455 0.023696682464454975 
