5 0.13333333333333333 0.4978902953586498 0.053763440860215055 0.05063291139240506 
5 0.18064516129032257 0.4978902953586498 0.04946236559139785 0.04852320675105485 
5 0.5096774193548387 0.11392405063291139 0.05161290322580645 0.05063291139240506 
2 0.44516129032258067 0.3628691983122363 0.021505376344086023 0.023206751054852322 
3 0.44516129032258067 0.41139240506329117 0.023655913978494623 0.035864978902953586 
2 0.44516129032258067 0.4620253164556962 0.023655913978494623 0.023206751054852322 
3 0.4150537634408602 0.6329113924050633 0.01935483870967742 0.03375527426160337 
3 0.4752688172043011 0.6329113924050633 0.021505376344086023 0.035864978902953586 
2 0.7225806451612903 0.9852320675105485 0.021505376344086023 0.023206751054852322 
3 0.7225806451612903 0.9029535864978903 0.021505376344086023 0.03375527426160337 
3 0.6258064516129033 0.8396624472573839 0.03655913978494624 0.023206751054852322 
3 0.8279569892473119 0.6729957805907173 0.021505376344086023 0.035864978902953586 
