3 0.05263157894736842 0.003278688524590164 0.01594896331738437 0.027868852459016394 
3 0.001594896331738437 0.06557377049180328 0.028708133971291867 0.018032786885245903 
3 0.006379585326953748 0.6688524590163935 0.025518341307814992 0.01639344262295082 
3 0.05741626794258373 0.6049180327868853 0.01594896331738437 0.027868852459016394 
3 0.0733652312599681 0.5475409836065573 0.01594896331738437 0.027868852459016394 
3 0.08931419457735247 0.4934426229508197 0.017543859649122806 0.027868852459016394 
3 0.7161084529505582 0.07213114754098361 0.014354066985645933 0.02622950819672131 
3 0.7607655502392344 0.07213114754098361 0.01594896331738437 0.027868852459016394 
2 0.9441786283891547 0.34590163934426227 0.01594896331738437 0.018032786885245903 
3 0.9441786283891547 0.2819672131147541 0.01594896331738437 0.02622950819672131 
3 0.8724082934609251 0.23278688524590163 0.02711323763955343 0.018032786885245903 
0 0.5039872408293461 0.460655737704918 0.025518341307814992 0.018032786885245903 
