5 0.1336116910229645 0.027833001988071572 0.05010438413361169 0.04771371769383698 
5 0.2609603340292276 0.003976143141153081 0.05010438413361169 0.04771371769383698 
5 0.2609603340292276 0.05964214711729622 0.05010438413361169 0.04771371769383698 
5 0.10020876826722339 0.07952286282306163 0.05010438413361169 0.04771371769383698 
5 0.36116910229645094 0.03578528827037773 0.05010438413361169 0.04771371769383698 
2 0.5219206680584552 0.2485089463220676 0.022964509394572025 0.02385685884691849 
5 0.35490605427974947 0.4254473161033797 0.05010438413361169 0.04771371769383698 
5 0.35490605427974947 0.4731610337972167 0.05010438413361169 0.04771371769383698 
5 0.40292275574112735 0.4731610337972167 0.05010438413361169 0.04771371769383698 
5 0.17745302713987474 0.7654075546719682 0.05010438413361169 0.04771371769383698 
5 0.2254697286012526 0.7654075546719682 0.05010438413361169 0.04572564612326044 
