5 0.2626970227670753 0.2885304659498208 0.08231173380035026 0.08422939068100359 
5 0.3520140105078809 0.33512544802867383 0.08231173380035026 0.08422939068100359 
5 0.436077057793345 0.3673835125448029 0.08231173380035026 0.08243727598566308 
5 0.266199649737303 0.3835125448028674 0.08231173380035026 0.08064516129032258 
5 0.17513134851138354 0.40860215053763443 0.08231173380035026 0.08243727598566308 
5 0.2224168126094571 0.507168458781362 0.08231173380035026 0.08602150537634409 
5 0.436077057793345 0.4659498207885305 0.08231173380035026 0.08422939068100359 
5 0.436077057793345 0.5663082437275986 0.0840630472854641 0.08422939068100359 
5 0.16637478108581435 0.600358422939068 0.08231173380035026 0.08602150537634409 
5 0.6042031523642732 0.4103942652329749 0.0840630472854641 0.08243727598566308 
5 0.6042031523642732 0.521505376344086 0.0840630472854641 0.08422939068100359 
2 0.8739054290718039 0.9050179211469535 0.03677758318739054 0.043010752688172046 
