3 0.109375 0.373046875 0.021484375 0.033203125 
3 0.087890625 0.439453125 0.01953125 0.033203125 
3 0.064453125 0.50390625 0.01953125 0.033203125 
3 0.001953125 0.578125 0.03515625 0.021484375 
5 0.62109375 0.4609375 0.048828125 0.046875 
5 0.6640625 0.4609375 0.044921875 0.044921875 
5 0.962890625 0.10546875 0.046875 0.046875 
2 0.904296875 0.3359375 0.01953125 0.021484375 
3 0.904296875 0.380859375 0.021484375 0.033203125 
2 0.904296875 0.427734375 0.021484375 0.021484375 
3 0.876953125 0.5859375 0.017578125 0.03125 
3 0.931640625 0.5859375 0.01953125 0.033203125 
2 0.3984375 0.1328125 0.01953125 0.021484375 
