5 0.23771790808240886 0.25842696629213485 0.07448494453248812 0.0754414125200642 
5 0.3185419968304279 0.3001605136436597 0.07448494453248812 0.0754414125200642 
5 0.39461172741679873 0.3290529695024077 0.07448494453248812 0.0738362760834671 
5 0.24088748019017434 0.3434991974317817 0.07448494453248812 0.07223113964686999 
5 0.15847860538827258 0.36597110754414125 0.07448494453248812 0.0738362760834671 
5 0.20126782884310618 0.45425361155698235 0.07448494453248812 0.07704654895666131 
5 0.39461172741679873 0.4173354735152488 0.07448494453248812 0.0754414125200642 
5 0.39461172741679873 0.507223113964687 0.07606973058637084 0.0754414125200642 
5 0.15055467511885895 0.5377207062600321 0.07448494453248812 0.07704654895666131 
5 0.5467511885895404 0.36757624398073835 0.07606973058637084 0.0738362760834671 
5 0.5467511885895404 0.46709470304975925 0.07606973058637084 0.0754414125200642 
2 0.7908082408874801 0.8105939004815409 0.03328050713153724 0.038523274478330656 
