5 0.38704028021015763 0.44013490725126475 0.08231173380035026 0.07925801011804384 
5 0.38704028021015763 0.5430016863406408 0.08231173380035026 0.08094435075885328 
5 0.553415061295972 0.49072512647554806 0.08231173380035026 0.07925801011804384 
5 0.553415061295972 0.3996627318718381 0.0840630472854641 0.07925801011804384 
5 0.6392294220665499 0.3676222596964587 0.0840630472854641 0.08094435075885328 
5 0.7285464098073555 0.32377740303541314 0.0840630472854641 0.07925801011804384 
5 0.7250437828371279 0.41652613827993257 0.08231173380035026 0.07925801011804384 
5 0.8161120840630472 0.43844856661045534 0.08581436077057793 0.08094435075885328 
5 0.553415061295972 0.5834738617200674 0.0840630472854641 0.08094435075885328 
5 0.7688266199649737 0.5328836424957841 0.08231173380035026 0.08094435075885328 
5 0.8266199649737302 0.6205733558178752 0.0840630472854641 0.08094435075885328 
2 0.11558669001751314 0.9021922428330523 0.03852889667250438 0.03541315345699832 
