5 0.5857664233576643 0.8152753108348135 0.08759124087591241 0.08170515097690942 
5 0.6751824817518248 0.783303730017762 0.08576642335766424 0.08348134991119005 
5 0.7664233576642335 0.7371225577264654 0.08759124087591241 0.0852575488454707 
5 0.7645985401459854 0.8330373001776199 0.08576642335766424 0.08170515097690942 
5 0.8594890510948905 0.8561278863232682 0.08576642335766424 0.08170515097690942 
5 0.8102189781021898 0.9520426287744227 0.08576642335766424 0.0852575488454707 
5 0.5857664233576643 0.9094138543516874 0.08759124087591241 0.0852575488454707 
5 0.4124087591240876 0.8561278863232682 0.08576642335766424 0.08170515097690942 
5 0.4124087591240876 0.9662522202486679 0.08576642335766424 0.0852575488454707 
2 0.12043795620437957 0.04085257548845471 0.040145985401459854 0.037300177619893425 
