5 0.3333333333333333 0.6409836065573771 0.11437908496732026 0.11475409836065574 
5 0.33169934640522875 0.7918032786885246 0.11437908496732026 0.1180327868852459 
5 0.5669934640522876 0.7163934426229508 0.11437908496732026 0.11475409836065574 
5 0.565359477124183 0.5819672131147541 0.11764705882352941 0.11475409836065574 
5 0.684640522875817 0.5360655737704918 0.11764705882352941 0.1180327868852459 
5 0.8104575163398693 0.4737704918032787 0.11764705882352941 0.11475409836065574 
5 0.803921568627451 0.6065573770491803 0.11437908496732026 0.11475409836065574 
5 0.9313725490196079 0.639344262295082 0.119281045751634 0.1180327868852459 
5 0.565359477124183 0.8508196721311475 0.11764705882352941 0.1180327868852459 
5 0.8676470588235294 0.7770491803278688 0.11437908496732026 0.1180327868852459 
5 0.9477124183006536 0.9049180327868852 0.11764705882352941 0.1180327868852459 
