5 0.625 0.02734375 0.046875 0.046875 
5 0.744140625 0.00390625 0.046875 0.046875 
5 0.744140625 0.05859375 0.046875 0.046875 
5 0.59375 0.078125 0.046875 0.046875 
5 0.837890625 0.03515625 0.046875 0.046875 
2 0.98828125 0.244140625 0.021484375 0.0234375 
5 0.83203125 0.41796875 0.046875 0.046875 
5 0.83203125 0.46484375 0.046875 0.046875 
5 0.876953125 0.46484375 0.046875 0.046875 
3 0.193359375 0.08984375 0.01953125 0.033203125 
3 0.21484375 0.15625 0.021484375 0.033203125 
3 0.23828125 0.22265625 0.01953125 0.033203125 
3 0.298828125 0.296875 0.03125 0.021484375 
5 0.666015625 0.751953125 0.046875 0.046875 
5 0.7109375 0.751953125 0.046875 0.044921875 
