5 0.37282780410742494 0.4444444444444444 0.11058451816745656 0.1095890410958904 
5 0.2559241706161137 0.5996955859969558 0.11374407582938388 0.1095890410958904 
5 0.3791469194312796 0.5707762557077626 0.11374407582938388 0.1050228310502283 
5 0.4913112164296998 0.5068493150684932 0.11058451816745656 0.1050228310502283 
5 0.608214849921011 0.547945205479452 0.10900473933649289 0.1095890410958904 
5 0.6066350710900474 0.6742770167427702 0.11058451816745656 0.106544901065449 
5 0.6066350710900474 0.8006088280060882 0.11058451816745656 0.1095890410958904 
5 0.315955766192733 0.7275494672754946 0.11058451816745656 0.1095890410958904 
5 0.2843601895734597 0.9863013698630136 0.11058451816745656 0.1095890410958904 
5 0.8309636650868878 0.604261796042618 0.10900473933649289 0.106544901065449 
5 0.8309636650868878 0.7442922374429224 0.10900473933649289 0.1095890410958904 
