5 0.6015037593984962 0.02681992337164751 0.045112781954887216 0.04597701149425287 
5 0.7161654135338346 0.0038314176245210726 0.045112781954887216 0.04597701149425287 
5 0.7161654135338346 0.05747126436781609 0.045112781954887216 0.04597701149425287 
5 0.5714285714285714 0.07662835249042145 0.045112781954887216 0.04597701149425287 
5 0.806390977443609 0.034482758620689655 0.045112781954887216 0.04597701149425287 
2 0.9511278195488722 0.23946360153256704 0.020676691729323307 0.022988505747126436 
5 0.8007518796992481 0.4099616858237548 0.045112781954887216 0.04597701149425287 
5 0.8007518796992481 0.4559386973180077 0.045112781954887216 0.04597701149425287 
5 0.8439849624060151 0.4559386973180077 0.045112781954887216 0.04597701149425287 
3 0.18609022556390978 0.08812260536398467 0.018796992481203006 0.032567049808429116 
3 0.20676691729323307 0.1532567049808429 0.020676691729323307 0.032567049808429116 
3 0.22932330827067668 0.21839080459770116 0.018796992481203006 0.032567049808429116 
3 0.287593984962406 0.29118773946360155 0.03007518796992481 0.0210727969348659 
5 0.6409774436090225 0.7375478927203065 0.045112781954887216 0.04597701149425287 
5 0.6842105263157895 0.7375478927203065 0.045112781954887216 0.044061302681992334 
