5 0.3390928725701944 0.407098121085595 0.10151187904967603 0.10020876826722339 
5 0.23326133909287258 0.5490605427974948 0.10367170626349892 0.10020876826722339 
5 0.34557235421166305 0.5219206680584552 0.10367170626349892 0.09603340292275574 
5 0.4470842332613391 0.46346555323590816 0.10151187904967603 0.09603340292275574 
5 0.5550755939524838 0.5010438413361169 0.09935205183585313 0.10020876826722339 
5 0.5529157667386609 0.6179540709812108 0.10151187904967603 0.09812108559498957 
5 0.5529157667386609 0.732776617954071 0.10151187904967603 0.10020876826722339 
5 0.2894168466522678 0.6659707724425887 0.10151187904967603 0.10020876826722339 
5 0.2591792656587473 0.9018789144050104 0.10151187904967603 0.10020876826722339 
5 0.7580993520518359 0.5511482254697286 0.09935205183585313 0.09812108559498957 
5 0.7580993520518359 0.6805845511482255 0.09935205183585313 0.10020876826722339 
