3 0.564453125 0.00390625 0.01953125 0.033203125 
3 0.501953125 0.078125 0.03515625 0.021484375 
5 0.064453125 0.44921875 0.046875 0.044921875 
5 0.111328125 0.431640625 0.046875 0.046875 
5 0.16015625 0.40625 0.046875 0.046875 
5 0.158203125 0.458984375 0.046875 0.044921875 
5 0.208984375 0.470703125 0.046875 0.044921875 
5 0.18359375 0.5234375 0.046875 0.046875 
5 0.064453125 0.5 0.046875 0.046875 
5 0.0625 0.5546875 0.048828125 0.048828125 
5 0.21484375 0.576171875 0.046875 0.046875 
3 0.5078125 0.796875 0.03125 0.01953125 
3 0.5703125 0.720703125 0.01953125 0.033203125 
3 0.58984375 0.65234375 0.01953125 0.033203125 
3 0.609375 0.587890625 0.021484375 0.033203125 
