5 0.5631578947368421 0.36379928315412186 0.08421052631578947 0.08243727598566308 
5 0.6491228070175439 0.33154121863799285 0.0824561403508772 0.08422939068100359 
5 0.7368421052631579 0.2849462365591398 0.08421052631578947 0.08602150537634409 
5 0.7350877192982456 0.3817204301075269 0.0824561403508772 0.08243727598566308 
5 0.8263157894736842 0.4050179211469534 0.0824561403508772 0.08243727598566308 
5 0.7789473684210526 0.5017921146953405 0.0824561403508772 0.08602150537634409 
5 0.5631578947368421 0.45878136200716846 0.08421052631578947 0.08602150537634409 
5 0.5614035087719298 0.557347670250896 0.08596491228070176 0.08781362007168458 
5 0.8368421052631579 0.5985663082437276 0.0824561403508772 0.08602150537634409 
5 0.39649122807017545 0.4050179211469534 0.0824561403508772 0.08243727598566308 
5 0.39649122807017545 0.5161290322580645 0.0824561403508772 0.08602150537634409 
2 0.12280701754385964 0.8978494623655914 0.03859649122807018 0.03763440860215054 
