5 0.07142857142857142 0.15748031496062992 0.06390977443609022 0.07086614173228346 
5 0.12969924812030076 0.08070866141732283 0.07330827067669173 0.07677165354330709 
5 0.03007518796992481 0.27165354330708663 0.06578947368421052 0.0688976377952756 
5 0.02631578947368421 0.3700787401574803 0.06578947368421052 0.0688976377952756 
5 0.7631578947368421 0.08070866141732283 0.07142857142857142 0.07677165354330709 
5 0.7274436090225563 0.15748031496062992 0.06578947368421052 0.07086614173228346 
5 0.5206766917293233 0.1889763779527559 0.06578947368421052 0.0688976377952756 
3 0.5921052631578947 0.10236220472440945 0.022556390977443608 0.04921259842519685 
3 0.6447368421052632 0.15748031496062992 0.045112781954887216 0.027559055118110236 
3 0.37593984962406013 0.19094488188976377 0.02631578947368421 0.047244094488188976 
2 0.5 0.4625984251968504 0.02443609022556391 0.02952755905511811 
2 0.5921052631578947 0.37598425196850394 0.02443609022556391 0.025590551181102362 
5 0.6879699248120301 0.27165354330708663 0.06578947368421052 0.07086614173228346 
5 0.6860902255639098 0.3700787401574803 0.06578947368421052 0.07086614173228346 
3 0.9830827067669173 0.011811023622047244 0.02443609022556391 0.047244094488188976 
