3 0.021442495126705652 0.012219959266802444 0.025341130604288498 0.048879837067209775 
3 0.08187134502923976 0.1975560081466395 0.02729044834307992 0.048879837067209775 
5 0.23196881091617932 0.1975560081466395 0.0682261208576998 0.07128309572301425 
3 0.3079922027290448 0.10590631364562118 0.02729044834307992 0.048879837067209775 
3 0.36062378167641324 0.1629327902240326 0.04873294346978557 0.024439918533604887 
5 0.4834307992202729 0.0835030549898167 0.07407407407407407 0.07942973523421588 
5 0.44639376218323584 0.164969450101833 0.0682261208576998 0.07331975560081466 
5 0.40545808966861596 0.28105906313645623 0.0682261208576998 0.07128309572301425 
5 0.40350877192982454 0.38289205702647655 0.07017543859649122 0.07128309572301425 
2 0.30409356725146197 0.3890020366598778 0.025341130604288498 0.026476578411405296 
2 0.2046783625730994 0.4786150712830957 0.025341130604288498 0.028513238289205704 
3 0.7192982456140351 0.219959266802444 0.02729044834307992 0.05091649694501019 
5 0.8732943469785575 0.1975560081466395 0.0682261208576998 0.07128309572301425 
3 0.9454191033138402 0.10590631364562118 0.023391812865497075 0.048879837067209775 
3 0.6608187134502924 0.012219959266802444 0.023391812865497075 0.05091649694501019 
2 0.9454191033138402 0.3869653767820774 0.025341130604288498 0.026476578411405296 
2 0.8499025341130604 0.4786150712830957 0.025341130604288498 0.026476578411405296 
