3 0.220703125 0.7109375 0.02734375 0.048828125 
5 0.375 0.689453125 0.068359375 0.068359375 
5 0.625 0.580078125 0.076171875 0.07421875 
5 0.587890625 0.658203125 0.068359375 0.0703125 
3 0.447265625 0.6015625 0.0234375 0.046875 
3 0.501953125 0.658203125 0.046875 0.02734375 
3 0.162109375 0.51171875 0.0234375 0.048828125 
2 0.447265625 0.87109375 0.025390625 0.025390625 
2 0.3515625 0.958984375 0.025390625 0.025390625 
5 0.548828125 0.771484375 0.0703125 0.068359375 
5 0.544921875 0.8671875 0.0703125 0.068359375 
5 0.09375 0.060546875 0.068359375 0.0703125 
