3 0.33203125 0.99609375 0.02734375 0.048828125 
5 0.943359375 0.423828125 0.0703125 0.068359375 
5 0.79296875 0.32421875 0.0703125 0.068359375 
5 0.79296875 0.228515625 0.0703125 0.068359375 
3 0.626953125 0.228515625 0.046875 0.025390625 
3 0.626953125 0.32421875 0.046875 0.02734375 
3 0.703125 0.2734375 0.0234375 0.046875 
3 0.703125 0.369140625 0.025390625 0.046875 
3 0.044921875 0.25 0.046875 0.025390625 
3 0.1171875 0.25 0.046875 0.025390625 
3 0.333984375 0.51953125 0.02734375 0.048828125 
5 0.25390625 0.611328125 0.0703125 0.068359375 
