5 0.18495934959349594 0.06918238993710692 0.07113821138211382 0.07337526205450734 
0 0.08536585365853659 0.3081761006289308 0.028455284552845527 0.050314465408805034 
3 0.2804878048780488 0.41509433962264153 0.04878048780487805 0.027253668763102725 
3 0.4247967479674797 0.41509433962264153 0.046747967479674794 0.029350104821802937 
3 0.3516260162601626 0.5073375262054507 0.046747967479674794 0.025157232704402517 
0 0.08536585365853659 0.6457023060796646 0.028455284552845527 0.050314465408805034 
2 0.08536585365853659 0.7190775681341719 0.028455284552845527 0.027253668763102725 
3 0.6361788617886179 0.5303983228511531 0.026422764227642278 0.050314465408805034 
3 0.7357723577235772 0.740041928721174 0.028455284552845527 0.050314465408805034 
3 0.9735772357723578 0.6457023060796646 0.026422764227642278 0.050314465408805034 
5 0.8943089430894309 0.740041928721174 0.07113821138211382 0.07337526205450734 
