5 0.9001610305958132 0.6708860759493671 0.057971014492753624 0.055379746835443035 
5 0.8985507246376812 0.5933544303797469 0.057971014492753624 0.055379746835443035 
3 0.7584541062801933 0.5901898734177216 0.037037037037037035 0.0189873417721519 
3 0.8244766505636071 0.625 0.02254428341384863 0.0379746835443038 
3 0.8244766505636071 0.7041139240506329 0.02254428341384863 0.0379746835443038 
3 0.7600644122383253 0.6693037974683544 0.040257648953301126 0.0189873417721519 
5 0.3494363929146538 0.28955696202531644 0.05958132045088567 0.058544303797468354 
5 0.33816425120772947 0.37341772151898733 0.05475040257648953 0.055379746835443035 
3 0.2785829307568438 0.6091772151898734 0.03864734299516908 0.020569620253164556 
3 0.3413848631239936 0.6091772151898734 0.040257648953301126 0.022151898734177215 
5 0.4895330112721417 0.8591772151898734 0.05636070853462158 0.056962025316455694 
3 0.5491143317230274 0.7911392405063291 0.020933977455716585 0.0379746835443038 
