3 0.20071047957371227 0.6431095406360424 0.02486678507992895 0.044169611307420496 
5 0.3410301953818828 0.6236749116607774 0.06216696269982238 0.061837455830388695 
5 0.5683836589698046 0.5247349823321554 0.06927175843694494 0.06713780918727916 
5 0.5346358792184724 0.5954063604240283 0.06216696269982238 0.0636042402826855 
3 0.4067495559502664 0.5441696113074205 0.021314387211367674 0.04240282685512368 
3 0.4564831261101243 0.5954063604240283 0.04262877442273535 0.024734982332155476 
3 0.14742451154529307 0.4628975265017668 0.021314387211367674 0.044169611307420496 
2 0.4067495559502664 0.7879858657243817 0.023090586145648313 0.022968197879858657 
2 0.3197158081705151 0.8674911660777385 0.023090586145648313 0.022968197879858657 
5 0.4991119005328597 0.6978798586572438 0.06394316163410302 0.061837455830388695 
5 0.4955595026642984 0.784452296819788 0.06394316163410302 0.061837455830388695 
5 0.0852575488454707 0.054770318021201414 0.06216696269982238 0.0636042402826855 
