5 0.08 0.672 0.07157894736842105 0.072 
5 0.14526315789473684 0.594 0.08210526315789474 0.078 
5 0.03368421052631579 0.788 0.07368421052631578 0.07 
5 0.029473684210526315 0.888 0.07368421052631578 0.07 
5 0.8547368421052631 0.594 0.08 0.078 
5 0.8147368421052632 0.672 0.07368421052631578 0.072 
5 0.5831578947368421 0.704 0.07368421052631578 0.07 
3 0.6631578947368421 0.616 0.02526315789473684 0.05 
3 0.7221052631578947 0.672 0.05052631578947368 0.028 
3 0.35789473684210527 0.508 0.029473684210526315 0.05 
3 0.42105263157894735 0.706 0.029473684210526315 0.048 
2 0.56 0.982 0.02736842105263158 0.03 
2 0.6631578947368421 0.894 0.02736842105263158 0.026 
5 0.7705263157894737 0.788 0.07368421052631578 0.072 
5 0.7684210526315789 0.888 0.07368421052631578 0.072 
3 0.36 0.02 0.029473684210526315 0.05 
5 0.2736842105263158 0.114 0.07578947368421053 0.07 
