5 0.9184466019417475 0.3567251461988304 0.07184466019417475 0.07212475633528265 
5 0.9048543689320389 0.4600389863547758 0.06601941747572816 0.0682261208576998 
5 0.4407766990291262 0.9220272904483431 0.06990291262135923 0.0682261208576998 
5 0.2912621359223301 0.8226120857699805 0.06990291262135923 0.0682261208576998 
5 0.2912621359223301 0.7270955165692008 0.06990291262135923 0.0682261208576998 
3 0.1262135922330097 0.7270955165692008 0.04660194174757282 0.025341130604288498 
3 0.1262135922330097 0.8226120857699805 0.04660194174757282 0.02729044834307992 
3 0.20194174757281552 0.7719298245614035 0.02330097087378641 0.04678362573099415 
3 0.20194174757281552 0.8674463937621832 0.02524271844660194 0.04678362573099415 
3 0.8330097087378641 0.7504873294346979 0.04660194174757282 0.025341130604288498 
3 0.9087378640776699 0.7504873294346979 0.04854368932038835 0.02729044834307992 
