3 0.021484375 0.01171875 0.025390625 0.046875 
3 0.08203125 0.189453125 0.02734375 0.046875 
5 0.232421875 0.189453125 0.068359375 0.068359375 
3 0.30859375 0.1015625 0.02734375 0.046875 
3 0.361328125 0.15625 0.048828125 0.0234375 
5 0.484375 0.080078125 0.07421875 0.076171875 
5 0.447265625 0.158203125 0.068359375 0.0703125 
5 0.40625 0.26953125 0.068359375 0.068359375 
5 0.404296875 0.3671875 0.0703125 0.068359375 
2 0.3046875 0.373046875 0.025390625 0.025390625 
2 0.205078125 0.458984375 0.025390625 0.02734375 
3 0.720703125 0.2109375 0.02734375 0.048828125 
5 0.875 0.189453125 0.068359375 0.068359375 
3 0.947265625 0.1015625 0.0234375 0.046875 
3 0.662109375 0.01171875 0.0234375 0.048828125 
2 0.947265625 0.37109375 0.025390625 0.025390625 
2 0.8515625 0.458984375 0.025390625 0.025390625 
