5 0.157439446366782 0.48817567567567566 0.06055363321799308 0.05912162162162162 
3 0.5501730103806228 0.14189189189189189 0.04325259515570934 0.02195945945945946 
0 0.0726643598615917 0.6807432432432432 0.02422145328719723 0.04054054054054054 
3 0.23875432525951557 0.7668918918918919 0.04152249134948097 0.02195945945945946 
3 0.3615916955017301 0.7668918918918919 0.039792387543252594 0.02364864864864865 
3 0.29930795847750863 0.8412162162162162 0.039792387543252594 0.02027027027027027 
0 0.0726643598615917 0.9527027027027027 0.02422145328719723 0.04054054054054054 
3 0.5415224913494809 0.8597972972972973 0.02249134948096886 0.04054054054054054 
3 0.828719723183391 0.9527027027027027 0.02249134948096886 0.04054054054054054 
3 0.9256055363321799 0.21621621621621623 0.04152249134948097 0.02195945945945946 
3 0.9896193771626297 0.21621621621621623 0.04152249134948097 0.02195945945945946 
