3 0.24835164835164836 0.2488479262672811 0.03076923076923077 0.0576036866359447 
5 0.421978021978022 0.22350230414746544 0.07692307692307693 0.08064516129032258 
5 0.7032967032967034 0.0944700460829493 0.08571428571428572 0.08755760368663594 
5 0.6615384615384615 0.18663594470046083 0.07692307692307693 0.08294930875576037 
3 0.5032967032967033 0.11981566820276497 0.026373626373626374 0.055299539170506916 
3 0.5648351648351648 0.18663594470046083 0.05274725274725275 0.03225806451612903 
3 0.1824175824175824 0.013824884792626729 0.026373626373626374 0.0576036866359447 
2 0.5032967032967033 0.4377880184331797 0.02857142857142857 0.029953917050691243 
2 0.3956043956043956 0.5414746543778802 0.02857142857142857 0.029953917050691243 
5 0.6175824175824176 0.32027649769585254 0.07912087912087912 0.08064516129032258 
5 0.6131868131868132 0.43317972350230416 0.07912087912087912 0.08064516129032258 
