3 0.023206751054852322 0.5271629778672032 0.027426160337552744 0.0482897384305835 
3 0.08860759493670886 0.710261569416499 0.029535864978902954 0.0482897384305835 
5 0.2510548523206751 0.710261569416499 0.07383966244725738 0.07042253521126761 
3 0.3333333333333333 0.6197183098591549 0.029535864978902954 0.0482897384305835 
3 0.39029535864978904 0.676056338028169 0.052742616033755275 0.02414486921529175 
5 0.5232067510548524 0.5975855130784709 0.08016877637130802 0.07847082494969819 
5 0.4831223628691983 0.6780684104627767 0.07383966244725738 0.07243460764587525 
5 0.4388185654008439 0.7927565392354124 0.07383966244725738 0.07042253521126761 
5 0.43670886075949367 0.8933601609657947 0.0759493670886076 0.07042253521126761 
2 0.3291139240506329 0.8993963782696177 0.027426160337552744 0.026156941649899398 
2 0.22151898734177214 0.9879275653923542 0.027426160337552744 0.028169014084507043 
3 0.7784810126582279 0.7323943661971831 0.029535864978902954 0.05030181086519115 
5 0.9451476793248945 0.710261569416499 0.07383966244725738 0.07042253521126761 
3 0.7151898734177216 0.5271629778672032 0.02531645569620253 0.05030181086519115 
2 0.919831223628692 0.9879275653923542 0.027426160337552744 0.026156941649899398 
5 0.6413502109704642 0.06237424547283702 0.07383966244725738 0.07243460764587525 
