3 0.03942652329749104 0.020072992700729927 0.04659498207885305 0.08576642335766424 
3 0.15053763440860216 0.3521897810218978 0.05017921146953405 0.08576642335766424 
5 0.4283154121863799 0.3521897810218978 0.12544802867383512 0.1259124087591241 
3 0.5663082437275986 0.18795620437956204 0.05017921146953405 0.08759124087591241 
3 0.6648745519713262 0.291970802919708 0.08960573476702509 0.043795620437956206 
5 0.8906810035842294 0.14963503649635038 0.13799283154121864 0.14051094890510948 
5 0.8225806451612904 0.2937956204379562 0.12724014336917563 0.12956204379562045 
5 0.7473118279569892 0.5036496350364964 0.12724014336917563 0.12773722627737227 
5 0.7419354838709677 0.6861313868613139 0.12903225806451613 0.12773722627737227 
2 0.5609318996415771 0.6952554744525548 0.04659498207885305 0.04744525547445255 
2 0.3781362007168459 0.8558394160583942 0.04838709677419355 0.04927007299270073 
