5 0.3754325259515571 0.5016722408026756 0.06228373702422145 0.06020066889632107 
5 0.6003460207612457 0.48327759197324416 0.06055363321799308 0.05852842809364549 
3 0.9930795847750865 0.14046822742474915 0.04325259515570934 0.021739130434782608 
0 0.5155709342560554 0.6739130434782609 0.02422145328719723 0.04013377926421405 
3 0.6816608996539792 0.7591973244147158 0.04152249134948097 0.021739130434782608 
3 0.8044982698961938 0.7591973244147158 0.039792387543252594 0.023411371237458192 
3 0.7422145328719724 0.8327759197324415 0.039792387543252594 0.020066889632107024 
0 0.5155709342560554 0.9431438127090301 0.02422145328719723 0.04013377926421405 
3 0.28719723183391005 0.7575250836120402 0.04152249134948097 0.021739130434782608 
0 0.356401384083045 0.8043478260869565 0.02249134948096886 0.04013377926421405 
3 0.9844290657439446 0.8511705685618729 0.02249134948096886 0.04013377926421405 
