5 0.29296875 0.080078125 0.07421875 0.076171875 
5 0.255859375 0.15625 0.068359375 0.0703125 
5 0.041015625 0.1875 0.068359375 0.068359375 
3 0.115234375 0.1015625 0.0234375 0.048828125 
3 0.169921875 0.15625 0.046875 0.02734375 
2 0.01953125 0.458984375 0.025390625 0.029296875 
2 0.115234375 0.373046875 0.025390625 0.025390625 
5 0.21484375 0.26953125 0.068359375 0.0703125 
5 0.212890625 0.3671875 0.068359375 0.0703125 
3 0.521484375 0.01171875 0.025390625 0.046875 
3 0.58203125 0.189453125 0.02734375 0.046875 
5 0.732421875 0.189453125 0.068359375 0.068359375 
3 0.80859375 0.1015625 0.02734375 0.046875 
3 0.861328125 0.15625 0.048828125 0.0234375 
5 0.984375 0.080078125 0.07421875 0.076171875 
5 0.947265625 0.158203125 0.068359375 0.0703125 
5 0.90625 0.26953125 0.068359375 0.068359375 
5 0.904296875 0.3671875 0.0703125 0.068359375 
2 0.8046875 0.373046875 0.025390625 0.025390625 
2 0.705078125 0.458984375 0.025390625 0.02734375 
