5 0.923828125 0.357421875 0.072265625 0.072265625 
5 0.91015625 0.4609375 0.06640625 0.068359375 
5 0.443359375 0.923828125 0.0703125 0.068359375 
5 0.29296875 0.82421875 0.0703125 0.068359375 
5 0.29296875 0.728515625 0.0703125 0.068359375 
3 0.126953125 0.728515625 0.046875 0.025390625 
3 0.126953125 0.82421875 0.046875 0.02734375 
3 0.203125 0.7734375 0.0234375 0.046875 
3 0.203125 0.869140625 0.025390625 0.046875 
3 0.837890625 0.751953125 0.046875 0.025390625 
3 0.9140625 0.751953125 0.048828125 0.02734375 
