3 0.022357723577235773 0.01263157894736842 0.026422764227642278 0.05052631578947368 
3 0.08536585365853659 0.20421052631578948 0.028455284552845527 0.05052631578947368 
5 0.241869918699187 0.20421052631578948 0.07113821138211382 0.07368421052631578 
3 0.32113821138211385 0.10947368421052632 0.028455284552845527 0.05052631578947368 
3 0.37601626016260165 0.16842105263157894 0.0508130081300813 0.02526315789473684 
5 0.5040650406504065 0.0863157894736842 0.07723577235772358 0.08210526315789474 
5 0.4654471544715447 0.1705263157894737 0.07113821138211382 0.07578947368421053 
5 0.42276422764227645 0.2905263157894737 0.07113821138211382 0.07368421052631578 
5 0.42073170731707316 0.3957894736842105 0.07317073170731707 0.07368421052631578 
2 0.3170731707317073 0.40210526315789474 0.026422764227642278 0.02736842105263158 
2 0.21341463414634146 0.49473684210526314 0.026422764227642278 0.029473684210526315 
3 0.75 0.22736842105263158 0.028455284552845527 0.05263157894736842 
5 0.9105691056910569 0.20421052631578948 0.07113821138211382 0.07368421052631578 
3 0.9857723577235772 0.10947368421052632 0.024390243902439025 0.05052631578947368 
3 0.6890243902439024 0.01263157894736842 0.024390243902439025 0.05263157894736842 
2 0.9857723577235772 0.4 0.026422764227642278 0.02736842105263158 
2 0.8861788617886179 0.49473684210526314 0.026422764227642278 0.02736842105263158 
