5 0.8841121495327103 0.32972972972972975 0.0691588785046729 0.06666666666666667 
5 0.8710280373831776 0.4252252252252252 0.06355140186915888 0.06306306306306306 
5 0.42429906542056073 0.8522522522522522 0.06728971962616823 0.06306306306306306 
5 0.2803738317757009 0.7603603603603604 0.06728971962616823 0.06306306306306306 
5 0.2803738317757009 0.6720720720720721 0.06728971962616823 0.06306306306306306 
3 0.12149532710280374 0.6720720720720721 0.044859813084112146 0.023423423423423424 
3 0.12149532710280374 0.7603603603603604 0.044859813084112146 0.025225225225225224 
3 0.19439252336448598 0.7135135135135136 0.022429906542056073 0.043243243243243246 
3 0.19439252336448598 0.8018018018018018 0.024299065420560748 0.043243243243243246 
3 0.8018691588785046 0.6936936936936937 0.044859813084112146 0.023423423423423424 
3 0.874766355140187 0.6936936936936937 0.04672897196261682 0.025225225225225224 
