3 0.021484375 0.51171875 0.025390625 0.046875 
3 0.08203125 0.689453125 0.02734375 0.046875 
5 0.232421875 0.689453125 0.068359375 0.068359375 
3 0.30859375 0.6015625 0.02734375 0.046875 
3 0.361328125 0.65625 0.048828125 0.0234375 
5 0.484375 0.580078125 0.07421875 0.076171875 
5 0.447265625 0.658203125 0.068359375 0.0703125 
5 0.40625 0.76953125 0.068359375 0.068359375 
5 0.404296875 0.8671875 0.0703125 0.068359375 
2 0.3046875 0.873046875 0.025390625 0.025390625 
2 0.205078125 0.958984375 0.025390625 0.02734375 
3 0.720703125 0.7109375 0.02734375 0.048828125 
5 0.875 0.689453125 0.068359375 0.068359375 
3 0.947265625 0.6015625 0.0234375 0.046875 
3 0.662109375 0.51171875 0.0234375 0.048828125 
2 0.947265625 0.87109375 0.025390625 0.025390625 
2 0.8515625 0.958984375 0.025390625 0.025390625 
5 0.59375 0.060546875 0.068359375 0.0703125 
