3 0.220703125 0.2109375 0.02734375 0.048828125 
5 0.375 0.189453125 0.068359375 0.068359375 
5 0.625 0.080078125 0.076171875 0.07421875 
5 0.587890625 0.158203125 0.068359375 0.0703125 
3 0.447265625 0.1015625 0.0234375 0.046875 
3 0.501953125 0.158203125 0.046875 0.02734375 
3 0.162109375 0.01171875 0.0234375 0.048828125 
2 0.447265625 0.37109375 0.025390625 0.025390625 
2 0.3515625 0.458984375 0.025390625 0.025390625 
5 0.548828125 0.271484375 0.0703125 0.068359375 
5 0.544921875 0.3671875 0.0703125 0.068359375 
