5 0.08577878103837472 0.17391304347826086 0.07674943566591422 0.0782608695652174 
5 0.15575620767494355 0.0891304347826087 0.08803611738148984 0.08478260869565217 
5 0.03611738148984198 0.3 0.07900677200902935 0.07608695652173914 
5 0.03160270880361174 0.40869565217391307 0.07900677200902935 0.07608695652173914 
5 0.9164785553047404 0.0891304347826087 0.08577878103837472 0.08478260869565217 
5 0.873589164785553 0.17391304347826086 0.07900677200902935 0.0782608695652174 
5 0.6252821670428894 0.20869565217391303 0.07900677200902935 0.07608695652173914 
3 0.7110609480812641 0.11304347826086956 0.02708803611738149 0.05434782608695652 
3 0.7742663656884876 0.17391304347826086 0.05417607223476298 0.030434782608695653 
3 0.45146726862302483 0.2108695652173913 0.03160270880361174 0.05217391304347826 
2 0.600451467268623 0.5108695652173914 0.029345372460496615 0.03260869565217391 
2 0.7110609480812641 0.4152173913043478 0.029345372460496615 0.02826086956521739 
5 0.8261851015801355 0.3 0.07900677200902935 0.0782608695652174 
5 0.8239277652370203 0.40869565217391307 0.07900677200902935 0.0782608695652174 
