3 0.0986159169550173 0.4423076923076923 0.02249134948096886 0.04195804195804196 
3 0.18339100346020762 0.6171328671328671 0.02422145328719723 0.04195804195804196 
3 0.38581314878892736 0.5384615384615384 0.02249134948096886 0.04195804195804196 
3 0.43252595155709345 0.5874125874125874 0.039792387543252594 0.022727272727272728 
5 0.31833910034602075 0.6171328671328671 0.06055363321799308 0.06118881118881119 
5 0.5086505190311419 0.5874125874125874 0.058823529411764705 0.06293706293706294 
5 0.5622837370242214 0.5192307692307693 0.06747404844290658 0.06818181818181818 
5 0.47058823529411764 0.6888111888111889 0.06055363321799308 0.06118881118881119 
5 0.4671280276816609 0.7762237762237763 0.06055363321799308 0.06118881118881119 
5 0.9221453287197232 0.6153846153846154 0.06055363321799308 0.06118881118881119 
3 0.9878892733564014 0.5384615384615384 0.020761245674740483 0.043706293706293704 
3 0.7370242214532872 0.44405594405594406 0.02422145328719723 0.043706293706293704 
3 0.7889273356401384 0.6171328671328671 0.02422145328719723 0.04195804195804196 
2 0.903114186851211 0.8583916083916084 0.02249134948096886 0.026223776223776224 
2 0.9878892733564014 0.7814685314685315 0.02249134948096886 0.022727272727272728 
3 0.7387543252595156 0.017482517482517484 0.02422145328719723 0.043706293706293704 
5 0.6678200692041523 0.09965034965034965 0.06228373702422145 0.06118881118881119 
