5 0.4070631970260223 0.2737030411449016 0.06691449814126393 0.06440071556350627 
5 0.6301115241635687 0.2504472271914132 0.06691449814126393 0.0626118067978533 
0 0.5613382899628253 0.47048300536672627 0.024163568773234202 0.044722719141323794 
0 0.39219330855018586 0.6082289803220036 0.022304832713754646 0.04293381037567084 
3 0.3141263940520446 0.5599284436493739 0.04460966542750929 0.025044722719141325 
3 0.7379182156133829 0.5599284436493739 0.04460966542750929 0.025044722719141325 
3 0.8717472118959108 0.5599284436493739 0.04275092936802974 0.023255813953488372 
3 0.8029739776951673 0.6386404293381037 0.04460966542750929 0.025044722719141325 
0 0.5594795539033457 0.7567084078711985 0.024163568773234202 0.04293381037567084 
2 0.5594795539033457 0.8211091234347049 0.024163568773234202 0.023255813953488372 
5 0.8011152416356877 0.5581395348837209 0.06319702602230483 0.0626118067978533 
