3 0.017377567140600316 0.4 0.020537124802527645 0.0366412213740458 
3 0.06635071090047394 0.5389312977099237 0.022116903633491312 0.0366412213740458 
5 0.18799368088467613 0.5389312977099237 0.05529225908372828 0.05343511450381679 
3 0.24960505529225907 0.47022900763358777 0.022116903633491312 0.0366412213740458 
3 0.292259083728278 0.5129770992366413 0.03949447077409163 0.0183206106870229 
5 0.39178515007898895 0.4534351145038168 0.06003159557661927 0.059541984732824425 
5 0.3617693522906793 0.5145038167938931 0.05529225908372828 0.0549618320610687 
5 0.3285939968404423 0.601526717557252 0.05529225908372828 0.05343511450381679 
5 0.32701421800947866 0.6778625954198473 0.05687203791469194 0.05343511450381679 
2 0.24644549763033174 0.6824427480916031 0.020537124802527645 0.01984732824427481 
2 0.16587677725118483 0.749618320610687 0.020537124802527645 0.021374045801526718 
3 0.5829383886255924 0.5557251908396946 0.022116903633491312 0.03816793893129771 
5 0.707740916271722 0.5389312977099237 0.05529225908372828 0.05343511450381679 
5 0.909952606635071 0.4534351145038168 0.061611374407582936 0.05801526717557252 
5 0.8799368088467614 0.5145038167938931 0.05529225908372828 0.0549618320610687 
3 0.7661927330173776 0.47022900763358777 0.018957345971563982 0.0366412213740458 
3 0.8104265402843602 0.5145038167938931 0.037914691943127965 0.021374045801526718 
3 0.5355450236966824 0.4 0.018957345971563982 0.03816793893129771 
2 0.7661927330173776 0.6809160305343511 0.020537124802527645 0.01984732824427481 
2 0.688783570300158 0.749618320610687 0.020537124802527645 0.01984732824427481 
5 0.8483412322274881 0.6030534351145038 0.05687203791469194 0.05343511450381679 
5 0.8451816745655608 0.6778625954198473 0.05687203791469194 0.05343511450381679 
5 0.4802527646129542 0.04732824427480916 0.05529225908372828 0.0549618320610687 
