5 0.3656093489148581 0.25585284280936454 0.06010016694490818 0.06020066889632107 
5 0.5659432387312187 0.23411371237458195 0.06010016694490818 0.05852842809364549 
0 0.5041736227045075 0.4397993311036789 0.021702838063439065 0.04180602006688963 
0 0.35225375626043404 0.568561872909699 0.02003338898163606 0.04013377926421405 
3 0.28213689482470783 0.5234113712374582 0.04006677796327212 0.023411371237458192 
3 0.662771285475793 0.5234113712374582 0.04006677796327212 0.023411371237458192 
3 0.7829716193656093 0.5234113712374582 0.038397328881469114 0.021739130434782608 
3 0.7212020033388982 0.596989966555184 0.04006677796327212 0.023411371237458192 
0 0.5025041736227045 0.7073578595317725 0.021702838063439065 0.04013377926421405 
2 0.5025041736227045 0.7675585284280937 0.021702838063439065 0.021739130434782608 
5 0.7195325542570952 0.5217391304347826 0.05676126878130217 0.05852842809364549 
3 0.9582637729549248 0.9966555183946488 0.041736227045075125 0.021739130434782608 
