5 0.3546099290780142 0.09297052154195011 0.08983451536643026 0.08843537414965986 
5 0.30969267139479906 0.18140589569160998 0.08274231678486997 0.08163265306122448 
5 0.04964539007092199 0.21768707482993196 0.08274231678486997 0.07936507936507936 
3 0.13947990543735225 0.11791383219954649 0.028368794326241134 0.05668934240362812 
3 0.20567375886524822 0.18140589569160998 0.05673758865248227 0.031746031746031744 
2 0.02364066193853428 0.5328798185941043 0.030732860520094562 0.034013605442176874 
2 0.13947990543735225 0.4331065759637188 0.030732860520094562 0.02947845804988662 
5 0.26004728132387706 0.3129251700680272 0.08274231678486997 0.08163265306122448 
5 0.2576832151300236 0.42630385487528344 0.08274231678486997 0.08163265306122448 
3 0.6312056737588653 0.013605442176870748 0.030732860520094562 0.05442176870748299 
3 0.7044917257683215 0.2199546485260771 0.03309692671394799 0.05442176870748299 
5 0.8865248226950354 0.2199546485260771 0.08274231678486997 0.07936507936507936 
3 0.9787234042553191 0.11791383219954649 0.03309692671394799 0.05442176870748299 
2 0.9739952718676123 0.4331065759637188 0.030732860520094562 0.02947845804988662 
2 0.8534278959810875 0.5328798185941043 0.030732860520094562 0.031746031746031744 
