3 0.49536178107606677 0.9367088607594937 0.02411873840445269 0.0433996383363472 
5 0.42115027829313545 0.3924050632911392 0.06679035250463822 0.06329113924050633 
5 0.2782931354359926 0.30018083182640143 0.06679035250463822 0.06329113924050633 
5 0.2782931354359926 0.2115732368896926 0.06679035250463822 0.06329113924050633 
3 0.12059369202226346 0.2115732368896926 0.04452690166975881 0.023508137432188065 
3 0.12059369202226346 0.30018083182640143 0.04452690166975881 0.02531645569620253 
3 0.19294990723562153 0.25316455696202533 0.022263450834879406 0.0433996383363472 
3 0.19294990723562153 0.34177215189873417 0.02411873840445269 0.0433996383363472 
3 0.7959183673469388 0.2332730560578662 0.04452690166975881 0.023508137432188065 
3 0.8682745825602969 0.2332730560578662 0.04638218923933209 0.02531645569620253 
