0 0.1663778162911612 0.34904013961605584 0.019064124783362217 0.027923211169284468 
5 0.24090121317157712 0.2862129144851658 0.06412478336221837 0.06282722513089005 
5 0.5407279029462738 0.44851657940663175 0.06759098786828423 0.06282722513089005 
5 0.4679376083188908 0.5863874345549738 0.0658578856152513 0.06282722513089005 
5 0.830155979202773 0.39267015706806285 0.0658578856152513 0.06457242582897033 
5 0.7712305025996534 0.5881326352530541 0.06412478336221837 0.06282722513089005 
5 0.708838821490468 0.93717277486911 0.06412478336221837 0.06457242582897033 
5 0.9844020797227037 0.9842931937172775 0.06412478336221837 0.06282722513089005 
0 0.37954939341421146 0.44851657940663175 0.019064124783362217 0.027923211169284468 
0 0.7712305025996534 0.4973821989528796 0.029462738301559793 0.017452006980802792 
0 0.925476603119584 0.39267015706806285 0.019064124783362217 0.027923211169284468 
0 0.8024263431542461 0.9354275741710296 0.019064124783362217 0.029668411867364748 
