5 0.6979166666666666 0.4911660777385159 0.07291666666666667 0.07597173144876325 
5 0.8038194444444444 0.48939929328621906 0.07465277777777778 0.07773851590106007 
5 0.9097222222222222 0.4911660777385159 0.0763888888888889 0.07420494699646643 
5 0.7881944444444444 0.8392226148409894 0.07291666666666667 0.07597173144876325 
5 0.3524305555555556 0.842756183745583 0.0763888888888889 0.07773851590106007 
2 0.4288194444444444 0.9134275618374559 0.024305555555555556 0.026501766784452298 
2 0.3819444444444444 0.9593639575971732 0.026041666666666668 0.026501766784452298 
3 0.4253472222222222 0.9840989399293286 0.046875 0.026501766784452298 
3 0.7743055555555556 0.9840989399293286 0.04513888888888889 0.026501766784452298 
2 0.8177083333333334 0.9593639575971732 0.026041666666666668 0.026501766784452298 
2 0.8628472222222222 0.911660777385159 0.026041666666666668 0.024734982332155476 
