5 0.03515625 0.916015625 0.083984375 0.08203125 
5 0.525390625 0.158203125 0.083984375 0.083984375 
2 0.95703125 0.009765625 0.029296875 0.02734375 
2 0.904296875 0.0625 0.029296875 0.02734375 
2 0.904296875 0.134765625 0.029296875 0.052734375 
3 0.619140625 0.396484375 0.029296875 0.052734375 
3 0.73046875 0.396484375 0.029296875 0.052734375 
3 0.615234375 0.955078125 0.029296875 0.052734375 
3 0.935546875 0.916015625 0.029296875 0.052734375 
4 0.474609375 0.26953125 0.01953125 0.0703125 
4 0.56640625 0.251953125 0.0703125 0.01953125 
4 0.73046875 0.251953125 0.072265625 0.01953125 
4 0.837890625 0.251953125 0.072265625 0.01953125 
