5 0.5862785862785863 0.17197452229299362 0.0893970893970894 0.09341825902335456 
2 0.9896049896049897 0.06581740976645435 0.031185031185031187 0.03184713375796178 
3 0.9896049896049897 0.1464968152866242 0.031185031185031187 0.05732484076433121 
5 0.06444906444906445 0.9957537154989384 0.09147609147609148 0.08917197452229299 
4 0.5343035343035343 0.2929936305732484 0.02286902286902287 0.07430997876857749 
4 0.6299376299376299 0.27176220806794055 0.07692307692307693 0.021231422505307854 
4 0.8066528066528067 0.27388535031847133 0.07692307692307693 0.021231422505307854 
4 0.920997920997921 0.27388535031847133 0.07484407484407485 0.021231422505307854 
3 0.6881496881496881 0.4288747346072187 0.029106029106029108 0.055201698513800426 
3 0.8024948024948025 0.4288747346072187 0.031185031185031187 0.05732484076433121 
