5 0.05803571428571429 0.18161434977578475 0.09598214285714286 0.09865470852017937 
5 0.7254464285714286 0.3991031390134529 0.09375 0.09417040358744394 
5 0.8794642857142857 0.3991031390134529 0.09598214285714286 0.09641255605381166 
2 0.5513392857142857 0.011210762331838564 0.03125 0.033632286995515695 
2 0.49107142857142855 0.06950672645739911 0.033482142857142856 0.033632286995515695 
3 0.49107142857142855 0.1547085201793722 0.033482142857142856 0.06053811659192825 
3 0.546875 0.10089686098654709 0.060267857142857144 0.033632286995515695 
3 0.9955357142857143 0.10089686098654709 0.05803571428571429 0.033632286995515695 
4 0.002232142857142857 0.3094170403587444 0.024553571428571428 0.07847533632286996 
4 0.10491071428571429 0.28699551569506726 0.08258928571428571 0.02242152466367713 
4 0.29464285714285715 0.289237668161435 0.08258928571428571 0.02242152466367713 
4 0.4174107142857143 0.289237668161435 0.08035714285714286 0.02242152466367713 
3 0.16741071428571427 0.452914798206278 0.03125 0.05829596412556054 
3 0.29017857142857145 0.452914798206278 0.033482142857142856 0.06053811659192825 
