5 0.21926910299003322 0.0361247947454844 0.07475083056478406 0.07060755336617405 
5 0.31893687707641194 0.0361247947454844 0.07308970099667775 0.07060755336617405 
5 0.3073089700996678 0.361247947454844 0.06976744186046512 0.07060755336617405 
2 0.3770764119601329 0.4269293924466338 0.023255813953488372 0.022988505747126436 
2 0.3338870431893688 0.47126436781609193 0.023255813953488372 0.022988505747126436 
3 0.29401993355481726 0.4942528735632184 0.044850498338870434 0.022988505747126436 
3 0.3338870431893688 0.535303776683087 0.024916943521594685 0.04433497536945813 
5 0.09136212624584718 0.7126436781609196 0.06976744186046512 0.07060755336617405 
5 0.20431893687707642 0.7126436781609196 0.06976744186046512 0.06732348111658457 
5 0.29900332225913623 0.7126436781609196 0.07308970099667775 0.06896551724137931 
5 0.4883720930232558 0.7126436781609196 0.07308970099667775 0.07060755336617405 
2 0.717607973421927 0.08866995073891626 0.06312292358803986 0.06239737274220033 
2 0.5913621262458472 0.2134646962233169 0.06312292358803986 0.06239737274220033 
3 0.5897009966777409 0.38752052545155996 0.0681063122923588 0.12479474548440066 
3 0.7059800664451827 0.2742200328407225 0.12624584717607973 0.06568144499178982 
