5 0.857421875 0.001953125 0.078125 0.078125 
5 0.966796875 0.001953125 0.078125 0.078125 
5 0.951171875 0.359375 0.076171875 0.078125 
2 0.98046875 0.48046875 0.025390625 0.025390625 
3 0.9375 0.5078125 0.048828125 0.025390625 
3 0.98046875 0.55078125 0.025390625 0.046875 
3 0.26171875 0.7890625 0.02734375 0.048828125 
3 0.365234375 0.7890625 0.02734375 0.046875 
5 0.716796875 0.748046875 0.078125 0.076171875 
5 0.841796875 0.748046875 0.076171875 0.076171875 
5 0.9453125 0.748046875 0.080078125 0.076171875 
5 0.498046875 0.36328125 0.076171875 0.078125 
5 0.17578125 0.572265625 0.07421875 0.076171875 
3 0.52734375 0.55078125 0.02734375 0.046875 
2 0.52734375 0.482421875 0.02734375 0.025390625 
3 0.5703125 0.505859375 0.048828125 0.02734375 
2 0.57421875 0.4375 0.025390625 0.025390625 
4 0.12890625 0.677734375 0.01953125 0.064453125 
4 0.212890625 0.66015625 0.064453125 0.015625 
4 0.3671875 0.66015625 0.0625 0.015625 
4 0.466796875 0.658203125 0.06640625 0.015625 
