5 0.28515625 0.04296875 0.08203125 0.083984375 
5 0.404296875 0.041015625 0.083984375 0.0859375 
5 0.5234375 0.04296875 0.0859375 0.08203125 
5 0.6328125 0.04296875 0.08203125 0.083984375 
5 0.732421875 0.04296875 0.0859375 0.083984375 
5 0.828125 0.04296875 0.0859375 0.08203125 
5 0.38671875 0.427734375 0.08203125 0.083984375 
5 0.134765625 0.84765625 0.08203125 0.08203125 
5 0.26953125 0.84765625 0.083984375 0.083984375 
5 0.380859375 0.84765625 0.083984375 0.083984375 
5 0.6015625 0.84765625 0.0859375 0.08203125 
3 0.37109375 0.587890625 0.05078125 0.029296875 
3 0.419921875 0.634765625 0.029296875 0.052734375 
2 0.419921875 0.560546875 0.029296875 0.029296875 
2 0.470703125 0.5078125 0.029296875 0.02734375 
