3 0.3822525597269625 0.006734006734006734 0.042662116040955635 0.021885521885521887 
3 0.4197952218430034 0.04377104377104377 0.02218430034129693 0.04040404040404041 
3 0.04948805460750853 0.9781144781144782 0.023890784982935155 0.04208754208754209 
0 0.04948805460750853 0.8821548821548821 0.023890784982935155 0.04040404040404041 
5 0.10068259385665529 0.8198653198653199 0.06825938566552901 0.06734006734006734 
3 0.005119453924914676 0.9377104377104377 0.042662116040955635 0.021885521885521887 
3 0.005119453924914676 0.8282828282828283 0.042662116040955635 0.021885521885521887 
3 0.04948805460750853 0.67003367003367 0.023890784982935155 0.04040404040404041 
5 0.189419795221843 0.2138047138047138 0.06825938566552901 0.06565656565656566 
5 0.2986348122866894 0.2138047138047138 0.06655290102389079 0.06565656565656566 
5 0.3890784982935154 0.2138047138047138 0.06996587030716724 0.06565656565656566 
5 0.5699658703071673 0.2138047138047138 0.06825938566552901 0.06565656565656566 
3 0.023890784982935155 0.04377104377104377 0.023890784982935155 0.04040404040404041 
3 0.06143344709897611 0.005050505050505051 0.042662116040955635 0.02356902356902357 
