3 0.13306451612903225 0.1825242718446602 0.020161290322580645 0.036893203883495145 
3 0.2157258064516129 0.1825242718446602 0.02217741935483871 0.036893203883495145 
5 0.4939516129032258 0.14951456310679612 0.0625 0.05825242718446602 
5 0.594758064516129 0.14951456310679612 0.0625 0.05825242718446602 
5 0.6754032258064516 0.14951456310679612 0.0625 0.05825242718446602 
5 0.8407258064516129 0.14757281553398058 0.0625 0.06019417475728155 
5 0.06451612903225806 0.013592233009708738 0.0625 0.05825242718446602 
3 0.13306451612903225 0.5805825242718446 0.024193548387096774 0.036893203883495145 
3 0.36693548387096775 0.5514563106796116 0.024193548387096774 0.038834951456310676 
3 0.26814516129032256 0.7436893203883496 0.020161290322580645 0.038834951456310676 
5 0.41330645161290325 0.6873786407766991 0.0625 0.05825242718446602 
0 0.3649193548387097 0.7436893203883496 0.020161290322580645 0.038834951456310676 
3 0.32661290322580644 0.6951456310679611 0.04032258064516129 0.021359223300970873 
3 0.32661290322580644 0.7922330097087379 0.04032258064516129 0.019417475728155338 
3 0.36693548387096775 0.8271844660194175 0.024193548387096774 0.036893203883495145 
5 0.2903225806451613 0.9786407766990292 0.0625 0.05825242718446602 
4 0.02620967741935484 0.09320388349514563 0.016129032258064516 0.05048543689320388 
4 0.09475806451612903 0.07961165048543689 0.05040322580645161 0.013592233009708738 
4 0.2157258064516129 0.07961165048543689 0.05040322580645161 0.013592233009708738 
4 0.29435483870967744 0.08155339805825243 0.05241935483870968 0.013592233009708738 
