5 0.7239747634069401 0.7249240121580547 0.0694006309148265 0.0668693009118541 
5 0.444794952681388 0.9012158054711246 0.06782334384858044 0.0668693009118541 
2 0.7933753943217665 0.7857142857142857 0.022082018927444796 0.022796352583586626 
2 0.750788643533123 0.8252279635258358 0.02365930599369085 0.022796352583586626 
3 0.750788643533123 0.8829787234042553 0.02365930599369085 0.041033434650455926 
3 0.7902208201892744 0.8465045592705167 0.04258675078864353 0.022796352583586626 
4 0.40536277602523657 0.9878419452887538 0.017350157728706624 0.05319148936170213 
4 0.47791798107255523 0.9726443768996961 0.0583596214511041 0.015197568389057751 
4 0.61198738170347 0.9741641337386018 0.0583596214511041 0.015197568389057751 
4 0.6987381703470031 0.9741641337386018 0.056782334384858045 0.015197568389057751 
