5 0.7551963048498845 0.06807511737089202 0.07159353348729793 0.07276995305164319 
5 0.8406466512702079 0.06572769953051644 0.07159353348729793 0.07511737089201878 
5 0.5612009237875288 0.06338028169014084 0.07159353348729793 0.07042253521126761 
3 0.581986143187067 0.5868544600938967 0.02771362586605081 0.046948356807511735 
3 0.7020785219399538 0.5868544600938967 0.025404157043879907 0.046948356807511735 
3 0.6558891454965358 0.6314553990610329 0.046189376443418015 0.023474178403755867 
0 0.7020785219399538 0.6901408450704225 0.025404157043879907 0.04460093896713615 
5 0.76905311778291 0.636150234741784 0.07159353348729793 0.07276995305164319 
3 0.6558891454965358 0.7488262910798122 0.04387990762124711 0.023474178403755867 
3 0.7020785219399538 0.7910798122065728 0.025404157043879907 0.04460093896713615 
5 0.8198614318706697 0.9553990610328639 0.07159353348729793 0.07042253521126761 
4 0.4133949191685912 0.14788732394366197 0.06235565819861432 0.01643192488262911 
