5 0.7475915221579962 0.041666666666666664 0.08670520231213873 0.08143939393939394 
5 0.8631984585741811 0.041666666666666664 0.08477842003853564 0.08143939393939394 
5 0.025048169556840076 0.6382575757575758 0.08285163776493257 0.08143939393939394 
5 0.8497109826589595 0.4166666666666667 0.08092485549132948 0.08143939393939394 
2 0.930635838150289 0.49242424242424243 0.02697495183044316 0.026515151515151516 
2 0.8805394990366089 0.5435606060606061 0.02697495183044316 0.026515151515151516 
3 0.8342967244701349 0.5700757575757576 0.05202312138728324 0.026515151515151516 
3 0.8805394990366089 0.6174242424242424 0.028901734104046242 0.05113636363636364 
2 0.4508670520231214 0.4943181818181818 0.028901734104046242 0.026515151515151516 
2 0.3988439306358382 0.5454545454545454 0.028901734104046242 0.026515151515151516 
2 0.3988439306358382 0.615530303030303 0.028901734104046242 0.05113636363636364 
3 0.11753371868978806 0.8693181818181818 0.028901734104046242 0.05113636363636364 
3 0.22736030828516376 0.8693181818181818 0.028901734104046242 0.05113636363636364 
5 0.5992292870905588 0.821969696969697 0.08092485549132948 0.08143939393939394 
5 0.7302504816955684 0.821969696969697 0.08092485549132948 0.07765151515151515 
5 0.8400770712909441 0.821969696969697 0.08477842003853564 0.07954545454545454 
4 0.06551059730250482 0.7291666666666666 0.06936416184971098 0.01893939393939394 
4 0.22736030828516376 0.7291666666666666 0.07129094412331406 0.01893939393939394 
4 0.3333333333333333 0.7291666666666666 0.07129094412331406 0.01893939393939394 
