5 0.3014827018121911 0.4172077922077922 0.06589785831960461 0.06493506493506493 
5 0.39373970345963755 0.4172077922077922 0.06589785831960461 0.06493506493506493 
5 0.4876441515650741 0.4172077922077922 0.06589785831960461 0.06493506493506493 
5 0.5733113673805601 0.4172077922077922 0.0642504118616145 0.06493506493506493 
5 0.6523887973640856 0.4172077922077922 0.06589785831960461 0.06493506493506493 
5 0.7265238879736409 0.41883116883116883 0.0642504118616145 0.06168831168831169 
5 0.9489291598023064 0.41883116883116883 0.0642504118616145 0.0633116883116883 
5 0.3805601317957166 0.7142857142857143 0.0642504118616145 0.06493506493506493 
2 0.4464579901153213 0.7775974025974026 0.02471169686985173 0.021103896103896104 
2 0.4052718286655684 0.814935064935065 0.0214168039538715 0.021103896103896104 
3 0.36902800658978585 0.8376623376623377 0.04118616144975288 0.021103896103896104 
3 0.4052718286655684 0.8733766233766234 0.0214168039538715 0.03896103896103896 
3 0.023064250411861616 0.8733766233766234 0.023064250411861616 0.03896103896103896 
2 0.023064250411861616 0.8165584415584416 0.023064250411861616 0.021103896103896104 
3 0.05930807248764415 0.836038961038961 0.04118616144975288 0.022727272727272728 
2 0.06260296540362438 0.7792207792207793 0.0214168039538715 0.021103896103896104 
