5 0.17929292929292928 0.035 0.09343434343434344 0.09 
5 0.4217171717171717 0.035 0.09343434343434344 0.09 
5 0.75 0.0225 0.09090909090909091 0.0925 
5 0.9343434343434344 0.475 0.09343434343434344 0.0925 
5 0.9292929292929293 0.7675 0.09343434343434344 0.09 
5 0.5404040404040404 0.94 0.09343434343434344 0.09 
0 0.28535353535353536 0.1625 0.04292929292929293 0.03 
0 0.04040404040404041 0.2525 0.04292929292929293 0.0225 
0 0.8434343434343434 0.32 0.045454545454545456 0.025 
0 0.8434343434343434 0.1175 0.04040404040404041 0.0275 
0 0.8080808080808081 0.87 0.027777777777777776 0.0425 
0 0.6641414141414141 0.7025 0.027777777777777776 0.0425 
