3 0.31230283911671924 0.8372093023255814 0.0473186119873817 0.08837209302325581 
3 0.5047318611987381 0.834108527131783 0.052050473186119876 0.08837209302325581 
2 0.805993690851735 0.26666666666666666 0.04574132492113565 0.05116279069767442 
2 0.8974763406940063 0.17829457364341086 0.04889589905362776 0.046511627906976744 
3 0.805993690851735 0.39069767441860465 0.055205047318611984 0.09302325581395349 
3 0.889589905362776 0.3085271317829457 0.08990536277602523 0.046511627906976744 
5 0.1498422712933754 0.4310077519379845 0.14668769716088328 0.14263565891472868 
5 0.750788643533123 0.04496124031007752 0.14511041009463724 0.14263565891472868 
4 0.06309148264984227 0.6232558139534884 0.03627760252365931 0.12093023255813953 
4 0.22082018927444794 0.5891472868217055 0.11987381703470032 0.03565891472868217 
4 0.5047318611987381 0.5891472868217055 0.11987381703470032 0.03565891472868217 
4 0.692429022082019 0.5906976744186047 0.12302839116719243 0.03565891472868217 
