5 0.6463022508038585 0.03453689167974882 0.06752411575562701 0.06750392464678179 
5 0.7443729903536977 0.03296703296703297 0.06913183279742766 0.06907378335949764 
5 0.842443729903537 0.03453689167974882 0.0707395498392283 0.06593406593406594 
5 0.932475884244373 0.03453689167974882 0.06752411575562701 0.06750392464678179 
5 0.729903536977492 0.34379905808477235 0.06752411575562701 0.06750392464678179 
5 0.32636655948553056 0.3469387755102041 0.0707395498392283 0.06907378335949764 
5 0.04180064308681672 0.5290423861852434 0.06913183279742766 0.06907378335949764 
5 0.522508038585209 0.6813186813186813 0.06752411575562701 0.06593406593406594 
5 0.6334405144694534 0.6813186813186813 0.06913183279742766 0.06750392464678179 
5 0.72508038585209 0.6813186813186813 0.06913183279742766 0.06750392464678179 
5 0.9067524115755627 0.6813186813186813 0.0707395498392283 0.06593406593406594 
2 0.3971061093247588 0.4097331240188383 0.022508038585209004 0.023547880690737835 
2 0.3536977491961415 0.45054945054945056 0.024115755627009645 0.023547880690737835 
3 0.3536977491961415 0.5102040816326531 0.024115755627009645 0.0423861852433281 
3 0.39389067524115756 0.4725274725274725 0.04340836012861737 0.023547880690737835 
3 0.7170418006430869 0.4725274725274725 0.04180064308681672 0.023547880690737835 
3 0.7572347266881029 0.5102040816326531 0.024115755627009645 0.0423861852433281 
2 0.7572347266881029 0.45054945054945056 0.024115755627009645 0.023547880690737835 
2 0.7990353697749196 0.40816326530612246 0.024115755627009645 0.02197802197802198 
4 0.001607717041800643 0.6185243328100472 0.017684887459807074 0.054945054945054944 
4 0.07556270096463022 0.6028257456828885 0.0594855305466238 0.015698587127158554 
4 0.21221864951768488 0.6043956043956044 0.0594855305466238 0.015698587127158554 
4 0.30064308681672025 0.6043956043956044 0.05787781350482315 0.015698587127158554 
3 0.12057877813504823 0.7189952904238619 0.022508038585209004 0.04081632653061224 
3 0.2090032154340836 0.7189952904238619 0.024115755627009645 0.0423861852433281 
