3 0.2218487394957983 0.315 0.03361344537815126 0.06333333333333334 
3 0.35798319327731093 0.31333333333333335 0.03697478991596639 0.06333333333333334 
5 0.8252100840336134 0.255 0.10420168067226891 0.10166666666666667 
5 0.9932773109243698 0.255 0.10252100840336134 0.10166666666666667 
5 0.10588235294117647 0.025 0.10420168067226891 0.10166666666666667 
3 0.2218487394957983 0.9983333333333333 0.03865546218487395 0.06333333333333334 
3 0.6100840336134454 0.9483333333333334 0.040336134453781515 0.06666666666666667 
4 0.043697478991596636 0.16166666666666665 0.025210084033613446 0.08666666666666667 
4 0.15798319327731092 0.13666666666666666 0.08571428571428572 0.025 
4 0.35798319327731093 0.13666666666666666 0.08571428571428572 0.025 
4 0.492436974789916 0.13833333333333334 0.08739495798319327 0.025 
