5 0.08904109589041095 0.28342245989304815 0.09075342465753425 0.0962566844919786 
5 0.2191780821917808 0.28342245989304815 0.09075342465753425 0.0944741532976827 
5 0.3493150684931507 0.28342245989304815 0.09246575342465753 0.0944741532976827 
5 0.4726027397260274 0.28342245989304815 0.09075342465753425 0.0944741532976827 
5 0.5787671232876712 0.28342245989304815 0.09246575342465753 0.0944741532976827 
5 0.6866438356164384 0.28342245989304815 0.09075342465753425 0.0944741532976827 
5 0.9982876712328768 0.28342245989304815 0.09075342465753425 0.0944741532976827 
5 0.20034246575342465 0.7254901960784313 0.09075342465753425 0.09269162210338681 
2 0.2928082191780822 0.8163992869875223 0.030821917808219176 0.0285204991087344 
2 0.2363013698630137 0.875222816399287 0.02910958904109589 0.030303030303030304 
3 0.1832191780821918 0.9055258467023173 0.05650684931506849 0.03208556149732621 
3 0.2363013698630137 0.9607843137254902 0.02910958904109589 0.0570409982174688 
