5 0.90234375 0.220703125 0.15234375 0.15625 
2 0.958984375 0.462890625 0.05078125 0.052734375 
3 0.87109375 0.515625 0.095703125 0.052734375 
3 0.9609375 0.6015625 0.048828125 0.09375 
5 0.43359375 0.998046875 0.154296875 0.154296875 
5 0.68359375 0.998046875 0.15234375 0.154296875 
5 0.888671875 0.998046875 0.158203125 0.154296875 
3 0.0546875 0.6015625 0.052734375 0.09375 
2 0.0546875 0.466796875 0.052734375 0.05078125 
3 0.140625 0.51171875 0.09765625 0.0546875 
2 0.1484375 0.375 0.05078125 0.05078125 
