3 0.62890625 0.68359375 0.01953125 0.037109375 
3 0.708984375 0.68359375 0.021484375 0.037109375 
5 0.978515625 0.650390625 0.060546875 0.05859375 
2 0.83203125 0.4453125 0.01953125 0.021484375 
2 0.87109375 0.408203125 0.01953125 0.01953125 
3 0.83203125 0.49609375 0.0234375 0.0390625 
3 0.8671875 0.462890625 0.037109375 0.01953125 
5 0.5625 0.513671875 0.060546875 0.05859375 
5 0.810546875 0.3515625 0.060546875 0.05859375 
5 0.05859375 0.84375 0.05859375 0.05859375 
2 0.119140625 0.900390625 0.01953125 0.01953125 
2 0.08203125 0.935546875 0.01953125 0.01953125 
4 0.525390625 0.59375 0.015625 0.05078125 
4 0.591796875 0.580078125 0.048828125 0.013671875 
4 0.708984375 0.580078125 0.048828125 0.013671875 
4 0.78515625 0.58203125 0.05078125 0.013671875 
