5 0.6790540540540541 0.03600654664484452 0.07094594594594594 0.07037643207855974 
5 0.7820945945945946 0.03436988543371522 0.07263513513513513 0.07201309328968904 
5 0.8851351351351351 0.03600654664484452 0.07432432432432433 0.06873977086743044 
5 0.9797297297297297 0.03600654664484452 0.07094594594594594 0.07037643207855974 
5 0.7668918918918919 0.35842880523731585 0.07094594594594594 0.07037643207855974 
5 0.34290540540540543 0.3617021276595745 0.07432432432432433 0.07201309328968904 
5 0.04391891891891892 0.5515548281505729 0.07263513513513513 0.07201309328968904 
5 0.5489864864864865 0.7103109656301145 0.07094594594594594 0.06873977086743044 
5 0.6655405405405406 0.7103109656301145 0.07263513513513513 0.07037643207855974 
5 0.7618243243243243 0.7103109656301145 0.07263513513513513 0.07037643207855974 
5 0.9527027027027027 0.7103109656301145 0.07432432432432433 0.06873977086743044 
2 0.4172297297297297 0.42716857610474634 0.02364864864864865 0.024549918166939442 
2 0.3716216216216216 0.469721767594108 0.02533783783783784 0.024549918166939442 
3 0.3716216216216216 0.5319148936170213 0.02533783783783784 0.044189852700491 
3 0.41385135135135137 0.49263502454991814 0.04560810810810811 0.024549918166939442 
3 0.7533783783783784 0.49263502454991814 0.04391891891891892 0.024549918166939442 
3 0.7956081081081081 0.5319148936170213 0.02533783783783784 0.044189852700491 
2 0.7956081081081081 0.469721767594108 0.02533783783783784 0.024549918166939442 
2 0.839527027027027 0.425531914893617 0.02533783783783784 0.022913256955810146 
4 0.0016891891891891893 0.6448445171849427 0.018581081081081082 0.057283142389525366 
4 0.07939189189189189 0.6284779050736498 0.0625 0.016366612111292964 
4 0.22297297297297297 0.630114566284779 0.0625 0.016366612111292964 
4 0.3158783783783784 0.630114566284779 0.060810810810810814 0.016366612111292964 
3 0.1266891891891892 0.7495908346972177 0.02364864864864865 0.0425531914893617 
3 0.2195945945945946 0.7495908346972177 0.02533783783783784 0.044189852700491 
