3 0.7630331753554502 0.2175925925925926 0.023696682464454975 0.04398148148148148 
3 0.8601895734597157 0.2175925925925926 0.026066350710900472 0.04398148148148148 
5 0.6824644549763034 0.016203703703703703 0.07345971563981042 0.06944444444444445 
5 0.07109004739336493 0.4074074074074074 0.07109004739336493 0.06944444444444445 
5 0.16824644549763032 0.6597222222222222 0.07345971563981042 0.07175925925925926 
5 0.2559241706161137 0.6574074074074074 0.07345971563981042 0.07407407407407407 
2 0.14454976303317535 0.47453703703703703 0.023696682464454975 0.023148148148148147 
2 0.0995260663507109 0.5162037037037037 0.023696682464454975 0.023148148148148147 
3 0.7630331753554502 0.6921296296296297 0.02843601895734597 0.04398148148148148 
3 0.9218009478672986 0.8865740740740741 0.023696682464454975 0.046296296296296294 
3 0.990521327014218 0.8287037037037037 0.04739336492890995 0.02546296296296296 
3 0.990521327014218 0.9444444444444444 0.04739336492890995 0.023148148148148147 
4 0.6374407582938388 0.1111111111111111 0.018957345971563982 0.06018518518518518 
4 0.7180094786729858 0.09490740740740741 0.05924170616113744 0.016203703703703703 
4 0.8601895734597157 0.09490740740740741 0.05924170616113744 0.016203703703703703 
4 0.95260663507109 0.09722222222222222 0.061611374407582936 0.016203703703703703 
