5 0.1171875 0.298828125 0.103515625 0.103515625 
5 0.728515625 0.294921875 0.103515625 0.1015625 
5 0.4140625 0.8203125 0.10546875 0.10546875 
5 0.58203125 0.8203125 0.103515625 0.10546875 
5 0.720703125 0.8203125 0.10546875 0.103515625 
2 0.833984375 0.39453125 0.03515625 0.03125 
2 0.76953125 0.458984375 0.033203125 0.033203125 
3 0.708984375 0.4921875 0.064453125 0.03515625 
3 0.76953125 0.552734375 0.033203125 0.0625 
3 0.15625 0.552734375 0.033203125 0.064453125 
3 0.21484375 0.4921875 0.06640625 0.03515625 
2 0.158203125 0.4609375 0.033203125 0.033203125 
2 0.220703125 0.396484375 0.03515625 0.03515625 
4 0.076171875 0.69921875 0.087890625 0.0234375 
