5 0.357421875 0.001953125 0.078125 0.078125 
5 0.466796875 0.001953125 0.078125 0.078125 
5 0.578125 0.001953125 0.078125 0.078125 
5 0.6796875 0.001953125 0.076171875 0.078125 
5 0.7734375 0.001953125 0.078125 0.078125 
5 0.861328125 0.00390625 0.076171875 0.07421875 
5 0.451171875 0.359375 0.076171875 0.078125 
2 0.529296875 0.435546875 0.029296875 0.025390625 
2 0.48046875 0.48046875 0.025390625 0.025390625 
3 0.4375 0.5078125 0.048828125 0.025390625 
3 0.48046875 0.55078125 0.025390625 0.046875 
5 0.216796875 0.748046875 0.078125 0.076171875 
5 0.341796875 0.748046875 0.076171875 0.076171875 
5 0.4453125 0.748046875 0.080078125 0.076171875 
5 0.65234375 0.748046875 0.078125 0.076171875 
3 0.02734375 0.55078125 0.02734375 0.046875 
2 0.02734375 0.482421875 0.02734375 0.025390625 
3 0.0703125 0.505859375 0.048828125 0.02734375 
2 0.07421875 0.4375 0.025390625 0.025390625 
