5 0.3166089965397924 0.001718213058419244 0.06920415224913495 0.06872852233676977 
5 0.4134948096885813 0.001718213058419244 0.06920415224913495 0.06872852233676977 
5 0.5121107266435986 0.001718213058419244 0.06920415224913495 0.06872852233676977 
5 0.6020761245674741 0.001718213058419244 0.06747404844290658 0.06872852233676977 
5 0.6851211072664359 0.001718213058419244 0.06920415224913495 0.06872852233676977 
5 0.7629757785467128 0.003436426116838488 0.06747404844290658 0.06529209621993128 
5 0.9965397923875432 0.003436426116838488 0.06747404844290658 0.06701030927835051 
5 0.39965397923875434 0.3161512027491409 0.06747404844290658 0.06872852233676977 
2 0.4688581314878893 0.38316151202749144 0.025951557093425604 0.022336769759450172 
2 0.42560553633217996 0.422680412371134 0.02249134948096886 0.022336769759450172 
3 0.3875432525951557 0.44673539518900346 0.04325259515570934 0.022336769759450172 
3 0.42560553633217996 0.4845360824742268 0.02249134948096886 0.041237113402061855 
5 0.19204152249134948 0.6580756013745704 0.06920415224913495 0.06701030927835051 
5 0.3027681660899654 0.6580756013745704 0.06747404844290658 0.06701030927835051 
5 0.3944636678200692 0.6580756013745704 0.07093425605536333 0.06701030927835051 
5 0.5778546712802768 0.6580756013745704 0.06920415224913495 0.06701030927835051 
3 0.02422145328719723 0.4845360824742268 0.02422145328719723 0.041237113402061855 
2 0.02422145328719723 0.42439862542955326 0.02422145328719723 0.022336769759450172 
3 0.06228373702422145 0.44501718213058417 0.04325259515570934 0.024054982817869417 
2 0.0657439446366782 0.3848797250859107 0.02249134948096886 0.022336769759450172 
