5 0.26288659793814434 0.04201680672268908 0.06357388316151202 0.06218487394957983 
5 0.4054982817869416 0.146218487394958 0.06357388316151202 0.06050420168067227 
5 0.4742268041237113 0.14453781512605043 0.061855670103092786 0.06218487394957983 
5 0.5360824742268041 0.08739495798319327 0.06357388316151202 0.06050420168067227 
5 0.070446735395189 0.44537815126050423 0.061855670103092786 0.06218487394957983 
5 0.1958762886597938 0.7495798319327731 0.06357388316151202 0.06218487394957983 
5 0.19243986254295534 0.946218487394958 0.06357388316151202 0.06050420168067227 
5 0.5189003436426117 0.9294117647058824 0.06357388316151202 0.06218487394957983 
5 0.6426116838487973 0.4890756302521008 0.06529209621993128 0.06050420168067227 
5 0.8402061855670103 0.5915966386554622 0.06357388316151202 0.06050420168067227 
0 0.13402061855670103 0.6453781512605042 0.030927835051546393 0.01680672268907563 
0 0.13402061855670103 0.5092436974789916 0.027491408934707903 0.018487394957983194 
0 0.5360824742268041 0.2218487394957983 0.029209621993127148 0.018487394957983194 
0 0.3556701030927835 0.040336134453781515 0.018900343642611683 0.02857142857142857 
0 0.8487972508591065 0.03865546218487395 0.027491408934707903 0.018487394957983194 
0 0.012027491408934709 0.9025210084033614 0.018900343642611683 0.02857142857142857 
