3 0.02030456852791878 0.9278523489932886 0.04568527918781726 0.08389261744966443 
3 0.1996615905245347 0.9278523489932886 0.04568527918781726 0.08053691275167785 
5 0.8087986463620981 0.8573825503355704 0.13367174280879865 0.1325503355704698 
5 0.42978003384094754 0.19463087248322147 0.1319796954314721 0.1342281879194631 
3 0.4805414551607445 0.5167785234899329 0.04568527918781726 0.08053691275167785 
2 0.4805414551607445 0.401006711409396 0.04568527918781726 0.0436241610738255 
3 0.5549915397631133 0.4395973154362416 0.08460236886632826 0.04697986577181208 
2 0.5617597292724196 0.3221476510067114 0.043993231810490696 0.0436241610738255 
4 0.20135363790186125 0.7030201342281879 0.10829103214890017 0.028523489932885907 
4 0.3756345177664975 0.7030201342281879 0.11505922165820642 0.026845637583892617 
