5 0.3796680497925311 0.00211864406779661 0.08298755186721991 0.0847457627118644 
5 0.495850622406639 0.00211864406779661 0.08298755186721991 0.0847457627118644 
5 0.6141078838174274 0.00211864406779661 0.08298755186721991 0.0847457627118644 
5 0.7219917012448133 0.00211864406779661 0.08091286307053942 0.0847457627118644 
5 0.8215767634854771 0.00211864406779661 0.08298755186721991 0.0847457627118644 
5 0.9149377593360996 0.00423728813559322 0.08091286307053942 0.08050847457627118 
5 0.47925311203319504 0.3898305084745763 0.08091286307053942 0.0847457627118644 
2 0.5622406639004149 0.4724576271186441 0.03112033195020747 0.02754237288135593 
2 0.5103734439834025 0.5211864406779662 0.026970954356846474 0.02754237288135593 
3 0.46473029045643155 0.5508474576271186 0.05186721991701245 0.02754237288135593 
3 0.5103734439834025 0.597457627118644 0.026970954356846474 0.05084745762711865 
5 0.23029045643153526 0.8114406779661016 0.08298755186721991 0.0826271186440678 
5 0.3630705394190871 0.8114406779661016 0.08091286307053942 0.0826271186440678 
5 0.4730290456431535 0.8114406779661016 0.08506224066390042 0.0826271186440678 
5 0.6929460580912863 0.8114406779661016 0.08298755186721991 0.0826271186440678 
3 0.029045643153526972 0.597457627118644 0.029045643153526972 0.05084745762711865 
2 0.029045643153526972 0.5233050847457628 0.029045643153526972 0.02754237288135593 
3 0.07468879668049792 0.548728813559322 0.05186721991701245 0.029661016949152543 
2 0.07883817427385892 0.4745762711864407 0.026970954356846474 0.02754237288135593 
