5 0.2937625754527163 0.0425531914893617 0.08450704225352113 0.08317214700193423 
5 0.4164989939637827 0.04061895551257253 0.08651911468812877 0.0851063829787234 
5 0.5392354124748491 0.0425531914893617 0.08853118712273642 0.08123791102514506 
5 0.6519114688128773 0.0425531914893617 0.08450704225352113 0.08317214700193423 
5 0.7545271629778671 0.0425531914893617 0.08853118712273642 0.08317214700193423 
5 0.8531187122736419 0.0425531914893617 0.08853118712273642 0.08123791102514506 
5 0.3983903420523139 0.42359767891682787 0.08450704225352113 0.08317214700193423 
5 0.13883299798792756 0.839458413926499 0.08450704225352113 0.08123791102514506 
5 0.2776659959758551 0.839458413926499 0.08651911468812877 0.08317214700193423 
5 0.39235412474849096 0.839458413926499 0.08651911468812877 0.08317214700193423 
5 0.6197183098591549 0.839458413926499 0.08853118712273642 0.08123791102514506 
3 0.3822937625754527 0.5822050290135397 0.052313883299798795 0.029013539651837523 
3 0.43259557344064387 0.6286266924564797 0.030181086519114688 0.05222437137330754 
2 0.43259557344064387 0.5551257253384912 0.030181086519114688 0.029013539651837523 
2 0.48490945674044267 0.5029013539651838 0.030181086519114688 0.027079303675048357 
