5 0.08945686900958466 0.0015600624024961 0.06230031948881789 0.056162246489859596 
5 0.022364217252396165 0.12480499219968799 0.06070287539936102 0.056162246489859596 
5 0.3019169329073482 0.12636505460218408 0.05910543130990415 0.056162246489859596 
5 0.24440894568690097 0.43837753510140404 0.05910543130990415 0.057722308892355696 
5 0.3769968051118211 0.5351014040561622 0.05910543130990415 0.056162246489859596 
5 0.44089456869009586 0.5335413416536662 0.05750798722044728 0.057722308892355696 
5 0.4984025559105431 0.48049921996879874 0.05910543130990415 0.056162246489859596 
5 0.8402555910543131 0.3868954758190328 0.06070287539936102 0.056162246489859596 
5 0.9904153354632588 0.5210608424336973 0.05910543130990415 0.056162246489859596 
5 0.06549520766773163 0.8127925117004681 0.05750798722044728 0.057722308892355696 
5 0.597444089456869 0.8533541341653667 0.06070287539936102 0.056162246489859596 
5 0.7811501597444089 0.9485179407176287 0.05910543130990415 0.056162246489859596 
5 0.9424920127795527 0.8221528861154446 0.06070287539936102 0.056162246489859596 
0 0.3019169329073482 0.0452418096723869 0.027156549520766772 0.015600624024960999 
0 0.6214057507987221 0.0452418096723869 0.027156549520766772 0.015600624024960999 
0 0.12460063897763578 0.9984399375975039 0.02875399361022364 0.015600624024960999 
0 0.12460063897763578 0.8720748829953198 0.025559105431309903 0.0171606864274571 
0 0.4984025559105431 0.6053042121684867 0.027156549520766772 0.0171606864274571 
0 0.3306709265175719 0.43681747269890797 0.01757188498402556 0.0265210608424337 
0 0.7891373801916933 0.43525741029641185 0.025559105431309903 0.0171606864274571 
0 0.9440894568690096 0.29329173166926675 0.027156549520766772 0.0171606864274571 
