5 0.023381294964028777 0.4785046728971963 0.07194244604316546 0.07476635514018691 
2 0.09352517985611511 0.5476635514018692 0.025179856115107913 0.022429906542056073 
2 0.048561151079136694 0.5925233644859813 0.025179856115107913 0.024299065420560748 
5 0.11690647482014388 0.7420560747663552 0.07194244604316546 0.07476635514018691 
5 0.20503597122302158 0.7439252336448599 0.07194244604316546 0.07476635514018691 
3 0.8579136690647482 0.9813084112149533 0.025179856115107913 0.04672897196261682 
0 0.9730215827338129 0.9794392523364486 0.025179856115107913 0.044859813084112146 
3 0.9262589928057554 0.9196261682242991 0.044964028776978415 0.024299065420560748 
3 0.9730215827338129 0.7439252336448599 0.025179856115107913 0.044859813084112146 
3 0.7050359712230215 0.7775700934579439 0.023381294964028777 0.04672897196261682 
3 0.7014388489208633 0.2766355140186916 0.025179856115107913 0.04672897196261682 
3 0.7967625899280576 0.2766355140186916 0.025179856115107913 0.044859813084112146 
5 0.6223021582733813 0.0691588785046729 0.0683453237410072 0.07289719626168224 
3 0.9460431654676259 0.048598130841121495 0.025179856115107913 0.044859813084112146 
3 0.9856115107913669 0.005607476635514018 0.044964028776978415 0.026168224299065422 
4 0.579136690647482 0.17009345794392525 0.017985611510791366 0.0616822429906542 
4 0.6564748201438849 0.15327102803738318 0.05935251798561151 0.014953271028037384 
4 0.7985611510791367 0.15327102803738318 0.05755395683453238 0.014953271028037384 
4 0.8902877697841727 0.15140186915887852 0.06115107913669065 0.014953271028037384 
