3 0.15789473684210525 0.1075 0.028708133971291867 0.0475 
3 0.4354066985645933 0.07 0.028708133971291867 0.05 
3 0.3181818181818182 0.3175 0.023923444976076555 0.05 
5 0.4904306220095694 0.245 0.07416267942583732 0.075 
0 0.43301435406698563 0.3175 0.023923444976076555 0.05 
3 0.3875598086124402 0.255 0.04784688995215311 0.0275 
3 0.3875598086124402 0.38 0.04784688995215311 0.025 
3 0.4354066985645933 0.425 0.028708133971291867 0.0475 
5 0.3444976076555024 0.62 0.07416267942583732 0.075 
4 0.41626794258373206 0.7 0.0645933014354067 0.0175 
