5 0.138671875 0.056640625 0.060546875 0.060546875 
5 0.2109375 0.0546875 0.060546875 0.0625 
3 0.62890625 0.083984375 0.0234375 0.037109375 
3 0.85546875 0.0546875 0.0234375 0.0390625 
3 0.759765625 0.248046875 0.01953125 0.0390625 
5 0.900390625 0.19140625 0.060546875 0.05859375 
0 0.853515625 0.248046875 0.01953125 0.0390625 
3 0.81640625 0.19921875 0.0390625 0.021484375 
3 0.81640625 0.296875 0.0390625 0.01953125 
3 0.85546875 0.33203125 0.0234375 0.037109375 
5 0.78125 0.484375 0.060546875 0.05859375 
3 0.09375 0.48828125 0.021484375 0.0390625 
3 0.0546875 0.525390625 0.0390625 0.01953125 
0 0.09375 0.57421875 0.021484375 0.037109375 
5 0.150390625 0.529296875 0.060546875 0.060546875 
3 0.0546875 0.623046875 0.037109375 0.01953125 
3 0.09375 0.658203125 0.021484375 0.037109375 
5 0.193359375 0.794921875 0.060546875 0.05859375 
4 0.27734375 0.857421875 0.013671875 0.048828125 
4 0.83984375 0.546875 0.052734375 0.013671875 
