5 0.6455906821963394 0.46179401993355484 0.07487520798668885 0.07142857142857142 
5 0.7454242928452579 0.46179401993355484 0.07321131447587355 0.07142857142857142 
5 0.021630615640599003 0.9850498338870431 0.07154742096505824 0.07142857142857142 
5 0.7337770382695508 0.7906976744186046 0.06988352745424292 0.07142857142857142 
2 0.8036605657237936 0.8571428571428571 0.02329450915141431 0.023255813953488372 
2 0.7603993344425957 0.9019933554817275 0.02329450915141431 0.023255813953488372 
3 0.7204658901830283 0.925249169435216 0.04492512479201331 0.023255813953488372 
3 0.7603993344425957 0.9667774086378738 0.024958402662229616 0.044850498338870434 
2 0.389351081530782 0.8588039867109635 0.024958402662229616 0.023255813953488372 
2 0.34442595673876875 0.9036544850498339 0.024958402662229616 0.023255813953488372 
2 0.34442595673876875 0.9651162790697675 0.024958402662229616 0.044850498338870434 
5 0.9384359400998337 0.3239202657807309 0.19800332778702162 0.19767441860465115 
