5 0.12305025996533796 0.04948805460750853 0.053726169844020795 0.052901023890784986 
5 0.18717504332755633 0.04778156996587031 0.053726169844020795 0.05460750853242321 
3 0.5580589254766031 0.07337883959044368 0.02079722703639515 0.032423208191126277 
3 0.7590987868284229 0.04778156996587031 0.02079722703639515 0.034129692832764506 
3 0.6741767764298093 0.2167235494880546 0.01733102253032929 0.034129692832764506 
5 0.7989601386481803 0.16723549488054607 0.053726169844020795 0.051194539249146756 
0 0.75736568457539 0.2167235494880546 0.01733102253032929 0.034129692832764506 
3 0.7244367417677643 0.17406143344709898 0.03466204506065858 0.01877133105802048 
3 0.7244367417677643 0.2593856655290102 0.03466204506065858 0.017064846416382253 
3 0.7590987868284229 0.2901023890784983 0.02079722703639515 0.032423208191126277 
5 0.6932409012131716 0.4232081911262799 0.053726169844020795 0.051194539249146756 
3 0.0831889081455806 0.42662116040955633 0.019064124783362217 0.034129692832764506 
3 0.04852686308492201 0.4590443686006826 0.03466204506065858 0.017064846416382253 
0 0.0831889081455806 0.5017064846416383 0.019064124783362217 0.032423208191126277 
5 0.13344887348353554 0.46245733788395904 0.053726169844020795 0.052901023890784986 
3 0.04852686308492201 0.5443686006825939 0.03292894280762565 0.017064846416382253 
3 0.0831889081455806 0.5750853242320819 0.019064124783362217 0.032423208191126277 
5 0.17157712305025996 0.6945392491467577 0.053726169844020795 0.051194539249146756 
4 0.24610051993067592 0.7491467576791809 0.012131715771230503 0.042662116040955635 
4 0.7452339688041595 0.4778156996587031 0.04679376083188908 0.011945392491467578 
