5 0.7578125 0.04296875 0.087890625 0.083984375 
5 0.875 0.04296875 0.0859375 0.083984375 
5 0.025390625 0.658203125 0.083984375 0.083984375 
5 0.861328125 0.4296875 0.08203125 0.083984375 
2 0.943359375 0.5078125 0.02734375 0.02734375 
2 0.892578125 0.560546875 0.02734375 0.02734375 
3 0.845703125 0.587890625 0.052734375 0.02734375 
3 0.892578125 0.63671875 0.029296875 0.052734375 
2 0.45703125 0.509765625 0.029296875 0.02734375 
2 0.404296875 0.5625 0.029296875 0.02734375 
2 0.404296875 0.634765625 0.029296875 0.052734375 
3 0.119140625 0.896484375 0.029296875 0.052734375 
3 0.23046875 0.896484375 0.029296875 0.052734375 
5 0.607421875 0.84765625 0.08203125 0.083984375 
5 0.740234375 0.84765625 0.08203125 0.080078125 
5 0.8515625 0.84765625 0.0859375 0.08203125 
4 0.06640625 0.751953125 0.0703125 0.01953125 
4 0.23046875 0.751953125 0.072265625 0.01953125 
4 0.337890625 0.751953125 0.072265625 0.01953125 
