5 0.8069852941176471 0.0018867924528301887 0.07352941176470588 0.07547169811320754 
5 0.9099264705882353 0.0018867924528301887 0.07352941176470588 0.07547169811320754 
5 0.8952205882352942 0.3471698113207547 0.07169117647058823 0.07547169811320754 
2 0.96875 0.4207547169811321 0.027573529411764705 0.024528301886792454 
2 0.9227941176470589 0.4641509433962264 0.02389705882352941 0.024528301886792454 
3 0.8823529411764706 0.49056603773584906 0.04595588235294118 0.024528301886792454 
3 0.9227941176470589 0.5320754716981132 0.02389705882352941 0.045283018867924525 
3 0.24632352941176472 0.7622641509433963 0.025735294117647058 0.04716981132075472 
3 0.34375 0.7622641509433963 0.025735294117647058 0.045283018867924525 
5 0.6746323529411765 0.7226415094339622 0.07352941176470588 0.07358490566037736 
5 0.7922794117647058 0.7226415094339622 0.07169117647058823 0.07358490566037736 
5 0.8897058823529411 0.7226415094339622 0.07536764705882353 0.07358490566037736 
5 0.46875 0.35094339622641507 0.07169117647058823 0.07547169811320754 
5 0.16544117647058823 0.5528301886792453 0.06985294117647059 0.07358490566037736 
3 0.4963235294117647 0.5320754716981132 0.025735294117647058 0.045283018867924525 
2 0.4963235294117647 0.4660377358490566 0.025735294117647058 0.024528301886792454 
3 0.5367647058823529 0.48867924528301887 0.04595588235294118 0.026415094339622643 
2 0.5404411764705882 0.4226415094339623 0.02389705882352941 0.024528301886792454 
4 0.1213235294117647 0.6547169811320754 0.01838235294117647 0.062264150943396226 
4 0.20036764705882354 0.6377358490566037 0.06066176470588235 0.01509433962264151 
4 0.34558823529411764 0.6377358490566037 0.058823529411764705 0.01509433962264151 
4 0.43933823529411764 0.6358490566037736 0.0625 0.01509433962264151 
