5 0.09630818619582665 0.25164473684210525 0.08507223113964688 0.08717105263157894 
5 0.5987158908507223 0.24835526315789475 0.08507223113964688 0.08552631578947369 
5 0.3402889245585875 0.6907894736842105 0.08667736757624397 0.08881578947368421 
5 0.478330658105939 0.6907894736842105 0.08507223113964688 0.08881578947368421 
5 0.5922953451043339 0.6907894736842105 0.08667736757624397 0.08717105263157894 
5 0.8218298555377207 0.6907894736842105 0.08667736757624397 0.08881578947368421 
2 0.6853932584269663 0.33223684210526316 0.028892455858747994 0.02631578947368421 
2 0.6324237560192616 0.38651315789473684 0.027287319422150885 0.027960526315789474 
3 0.5826645264847512 0.4144736842105263 0.052969502407704656 0.029605263157894735 
3 0.6324237560192616 0.4654605263157895 0.027287319422150885 0.05263157894736842 
3 0.12841091492776885 0.4654605263157895 0.027287319422150885 0.054276315789473686 
3 0.17656500802568217 0.4144736842105263 0.05457463884430177 0.029605263157894735 
2 0.13001605136436598 0.3881578947368421 0.027287319422150885 0.027960526315789474 
2 0.18138041733547353 0.3338815789473684 0.028892455858747994 0.029605263157894735 
4 0.06260032102728733 0.5888157894736842 0.07223113964686999 0.019736842105263157 
