5 0.6015625 0.310546875 0.103515625 0.10546875 
5 0.75 0.310546875 0.103515625 0.103515625 
5 0.8984375 0.310546875 0.10546875 0.103515625 
5 0.1171875 0.798828125 0.103515625 0.103515625 
5 0.728515625 0.794921875 0.103515625 0.1015625 
2 0.833984375 0.89453125 0.03515625 0.03125 
2 0.76953125 0.958984375 0.033203125 0.033203125 
3 0.708984375 0.9921875 0.064453125 0.03515625 
3 0.21484375 0.9921875 0.06640625 0.03515625 
2 0.158203125 0.9609375 0.033203125 0.033203125 
2 0.220703125 0.896484375 0.03515625 0.03515625 
