5 0.022530329289428077 0.13590604026845637 0.07452339688041594 0.07214765100671142 
2 0.8370883882149047 0.006711409395973154 0.024263431542461005 0.02348993288590604 
2 0.7920277296360485 0.05201342281879195 0.024263431542461005 0.02348993288590604 
3 0.7504332755632582 0.07550335570469799 0.04679376083188908 0.02348993288590604 
3 0.7920277296360485 0.1174496644295302 0.025996533795493933 0.04530201342281879 
2 0.4055459272097054 0.008389261744966443 0.025996533795493933 0.02348993288590604 
2 0.3587521663778163 0.053691275167785234 0.025996533795493933 0.02348993288590604 
2 0.3587521663778163 0.11577181208053691 0.025996533795493933 0.04530201342281879 
3 0.10571923743500866 0.34060402684563756 0.025996533795493933 0.04530201342281879 
3 0.2045060658578856 0.34060402684563756 0.025996533795493933 0.04530201342281879 
5 0.5389948006932409 0.2986577181208054 0.07279029462738301 0.07214765100671142 
5 0.6568457538994801 0.2986577181208054 0.07279029462738301 0.06879194630872483 
5 0.755632582322357 0.2986577181208054 0.07625649913344887 0.07046979865771812 
5 0.9532062391681109 0.2986577181208054 0.07625649913344887 0.07214765100671142 
3 0.1022530329289428 0.8204697986577181 0.025996533795493933 0.04530201342281879 
3 0.38648180242634317 0.7869127516778524 0.025996533795493933 0.04530201342281879 
3 0.3344887348353553 0.9580536912751678 0.04679376083188908 0.02348993288590604 
5 0.44194107452339687 0.9496644295302014 0.07625649913344887 0.07046979865771812 
4 0.058925476603119586 0.21644295302013422 0.06239168110918544 0.016778523489932886 
4 0.2045060658578856 0.21644295302013422 0.06412478336221837 0.016778523489932886 
4 0.29982668977469673 0.21644295302013422 0.06412478336221837 0.016778523489932886 
