5 0.78515625 0.04296875 0.08203125 0.083984375 
5 0.904296875 0.041015625 0.083984375 0.0859375 
5 0.88671875 0.427734375 0.08203125 0.083984375 
5 0.396484375 0.431640625 0.0859375 0.0859375 
5 0.05078125 0.658203125 0.083984375 0.0859375 
5 0.634765625 0.84765625 0.08203125 0.08203125 
5 0.76953125 0.84765625 0.083984375 0.083984375 
5 0.880859375 0.84765625 0.083984375 0.083984375 
2 0.482421875 0.509765625 0.02734375 0.029296875 
2 0.4296875 0.560546875 0.029296875 0.029296875 
3 0.4296875 0.634765625 0.029296875 0.052734375 
3 0.478515625 0.587890625 0.052734375 0.029296875 
3 0.87109375 0.587890625 0.05078125 0.029296875 
3 0.919921875 0.634765625 0.029296875 0.052734375 
2 0.919921875 0.560546875 0.029296875 0.029296875 
2 0.970703125 0.5078125 0.029296875 0.02734375 
4 0.001953125 0.76953125 0.021484375 0.068359375 
4 0.091796875 0.75 0.072265625 0.01953125 
4 0.2578125 0.751953125 0.072265625 0.01953125 
4 0.365234375 0.751953125 0.0703125 0.01953125 
3 0.146484375 0.89453125 0.02734375 0.05078125 
3 0.25390625 0.89453125 0.029296875 0.052734375 
