3 0.2773109243697479 0.9845132743362832 0.04201680672268908 0.084070796460177 
3 0.4474789915966387 0.9823008849557522 0.046218487394957986 0.084070796460177 
2 0.7163865546218487 0.4424778761061947 0.03991596638655462 0.048672566371681415 
2 0.7962184873949579 0.3584070796460177 0.04411764705882353 0.04424778761061947 
3 0.7163865546218487 0.5597345132743363 0.04831932773109244 0.08849557522123894 
3 0.7899159663865546 0.4823008849557522 0.07983193277310924 0.04424778761061947 
5 0.1323529411764706 0.5995575221238938 0.13025210084033614 0.13495575221238937 
5 0.6680672268907563 0.2323008849557522 0.12815126050420167 0.13495575221238937 
4 0.0546218487394958 0.7809734513274337 0.031512605042016806 0.11504424778761062 
4 0.19747899159663865 0.7477876106194691 0.10714285714285714 0.033185840707964605 
4 0.4474789915966387 0.7477876106194691 0.10714285714285714 0.033185840707964605 
4 0.615546218487395 0.75 0.1092436974789916 0.033185840707964605 
