5 0.02702702702702703 0.46880907372400754 0.07335907335907337 0.06805293005671077 
5 0.2084942084942085 0.6313799621928167 0.07142857142857142 0.06805293005671077 
5 0.47104247104247104 0.332703213610586 0.07142857142857142 0.06994328922495274 
5 0.15057915057915058 0.996219281663516 0.07335907335907337 0.06805293005671077 
5 0.9092664092664092 0.5822306238185255 0.07335907335907337 0.0661625708884688 
5 0.9092664092664092 0.6843100189035917 0.07142857142857142 0.06805293005671077 
0 0.1525096525096525 0.3553875236294896 0.032818532818532815 0.020793950850661626 
0 0.6081081081081081 0.44801512287334594 0.021235521235521235 0.03213610586011342 
0 0.9903474903474904 0.054820415879017016 0.032818532818532815 0.01890359168241966 
0 0.7413127413127413 0.0945179584120983 0.03474903474903475 0.020793950850661626 
