5 0.9607142857142857 0.14285714285714285 0.07678571428571429 0.07760141093474426 
5 0.21071428571428572 0.8218694885361552 0.075 0.07583774250440917 
5 0.41964285714285715 0.8271604938271605 0.07857142857142857 0.07583774250440917 
5 0.5125 0.8271604938271605 0.07857142857142857 0.07407407407407407 
2 0.3482142857142857 0.6772486772486772 0.026785714285714284 0.024691358024691357 
2 0.39464285714285713 0.6296296296296297 0.026785714285714284 0.024691358024691357 
6 0.3196428571428571 0.5590828924162258 0.07678571428571429 0.07407407407407407 
4 0.05 0.9118165784832452 0.06785714285714285 0.01763668430335097 
4 0.9160714285714285 0.24338624338624337 0.019642857142857142 0.06172839506172839 
4 0.9982142857142857 0.2257495590828924 0.06607142857142857 0.01763668430335097 
