5 0.9799107142857143 0.002352941176470588 0.08928571428571429 0.09411764705882353 
3 0.29910714285714285 0.9505882352941176 0.03125 0.058823529411764705 
3 0.4174107142857143 0.9505882352941176 0.03125 0.05647058823529412 
5 0.8191964285714286 0.9011764705882352 0.08928571428571429 0.09176470588235294 
5 0.9620535714285714 0.9011764705882352 0.08705357142857142 0.09176470588235294 
5 0.5691964285714286 0.4376470588235294 0.08705357142857142 0.09411764705882353 
5 0.20089285714285715 0.6894117647058824 0.08482142857142858 0.09176470588235294 
3 0.6026785714285714 0.6635294117647059 0.03125 0.05647058823529412 
2 0.6026785714285714 0.5811764705882353 0.03125 0.03058823529411765 
3 0.6517857142857143 0.6094117647058823 0.05580357142857143 0.03294117647058824 
2 0.65625 0.5270588235294118 0.029017857142857144 0.03058823529411765 
4 0.14732142857142858 0.8164705882352942 0.022321428571428572 0.07764705882352942 
4 0.24330357142857142 0.7952941176470588 0.07366071428571429 0.018823529411764704 
4 0.41964285714285715 0.7952941176470588 0.07142857142857142 0.018823529411764704 
4 0.5334821428571429 0.7929411764705883 0.07589285714285714 0.018823529411764704 
