5 0.14031620553359683 0.059063136456211814 0.06126482213438735 0.06313645621181263 
5 0.2134387351778656 0.05702647657841141 0.06126482213438735 0.06517311608961303 
3 0.6363636363636364 0.08757637474541752 0.023715415019762844 0.038696537678207736 
3 0.8656126482213439 0.05702647657841141 0.023715415019762844 0.04073319755600815 
3 0.7687747035573123 0.25865580448065173 0.019762845849802372 0.04073319755600815 
5 0.9110671936758893 0.19959266802443992 0.06126482213438735 0.06109979633401222 
0 0.8636363636363636 0.25865580448065173 0.019762845849802372 0.04073319755600815 
3 0.8260869565217391 0.20773930753564154 0.039525691699604744 0.02240325865580448 
3 0.8260869565217391 0.3095723014256619 0.039525691699604744 0.020366598778004074 
3 0.8656126482213439 0.34623217922606925 0.023715415019762844 0.038696537678207736 
5 0.7905138339920948 0.505091649694501 0.06126482213438735 0.06109979633401222 
3 0.09486166007905138 0.5091649694501018 0.021739130434782608 0.04073319755600815 
3 0.05533596837944664 0.5478615071283096 0.039525691699604744 0.020366598778004074 
0 0.09486166007905138 0.5987780040733197 0.021739130434782608 0.038696537678207736 
5 0.15217391304347827 0.5519348268839104 0.06126482213438735 0.06313645621181263 
3 0.05533596837944664 0.6496945010183299 0.037549407114624504 0.020366598778004074 
3 0.09486166007905138 0.6863543788187373 0.021739130434782608 0.038696537678207736 
5 0.1956521739130435 0.8289205702647657 0.06126482213438735 0.06109979633401222 
4 0.28063241106719367 0.8940936863543788 0.01383399209486166 0.05091649694501019 
4 0.849802371541502 0.570264765784114 0.0533596837944664 0.014256619144602852 
