5 0.6033210332103321 0.05609284332688588 0.05719557195571956 0.059961315280464215 
5 0.6715867158671587 0.05415860735009671 0.05719557195571956 0.061895551257253385 
5 0.4483394833948339 0.05222437137330754 0.05719557195571956 0.058027079303675046 
3 0.46494464944649444 0.4835589941972921 0.02214022140221402 0.03868471953578337 
3 0.5608856088560885 0.4835589941972921 0.02029520295202952 0.03868471953578337 
3 0.5239852398523985 0.5203094777562862 0.03690036900369004 0.019342359767891684 
0 0.5608856088560885 0.5686653771760155 0.02029520295202952 0.0367504835589942 
5 0.6143911439114391 0.5241779497098646 0.05719557195571956 0.059961315280464215 
3 0.5239852398523985 0.6170212765957447 0.03505535055350553 0.019342359767891684 
3 0.5608856088560885 0.6518375241779497 0.02029520295202952 0.0367504835589942 
5 0.6549815498154982 0.7872340425531915 0.05719557195571956 0.058027079303675046 
4 0.33025830258302585 0.1218568665377176 0.04981549815498155 0.013539651837524178 
4 0.7343173431734318 0.8491295938104448 0.012915129151291513 0.048355899419729204 
