0 0.15118110236220472 0.31496062992125984 0.01732283464566929 0.025196850393700787 
5 0.2188976377952756 0.25826771653543307 0.05826771653543307 0.05669291338582677 
5 0.49133858267716535 0.4047244094488189 0.06141732283464567 0.05669291338582677 
5 0.4251968503937008 0.5291338582677165 0.05984251968503937 0.05669291338582677 
5 0.7543307086614173 0.3543307086614173 0.05984251968503937 0.05826771653543307 
5 0.7007874015748031 0.5307086614173229 0.05826771653543307 0.05669291338582677 
5 0.6440944881889764 0.8456692913385827 0.05826771653543307 0.05826771653543307 
5 0.7748031496062993 0.9433070866141732 0.05826771653543307 0.05669291338582677 
5 0.8377952755905512 0.9417322834645669 0.05669291338582677 0.05826771653543307 
5 0.8944881889763779 0.8881889763779528 0.05826771653543307 0.05669291338582677 
0 0.34488188976377954 0.4047244094488189 0.01732283464566929 0.025196850393700787 
0 0.7007874015748031 0.44881889763779526 0.026771653543307086 0.015748031496062992 
0 0.8409448818897638 0.3543307086614173 0.01732283464566929 0.025196850393700787 
0 0.7291338582677165 0.8440944881889764 0.01732283464566929 0.026771653543307086 
