5 0.09911504424778761 0.46983546617915906 0.06902654867256637 0.06581352833638025 
5 0.024778761061946902 0.6142595978062158 0.06725663716814159 0.06581352833638025 
5 0.39469026548672564 0.4113345521023766 0.06725663716814159 0.06764168190127971 
5 0.3345132743362832 0.6160877513711152 0.06548672566371681 0.06581352833638025 
5 0.6884955752212389 0.4040219378427788 0.06548672566371681 0.06581352833638025 
5 0.27079646017699116 0.9817184643510055 0.06548672566371681 0.06764168190127971 
5 0.9309734513274336 0.9213893967093236 0.06725663716814159 0.06581352833638025 
0 0.3345132743362832 0.5210237659963437 0.03008849557522124 0.018281535648994516 
0 0.4920353982300885 0.4113345521023766 0.019469026548672566 0.029250457038391225 
0 0.6884955752212389 0.5210237659963437 0.03008849557522124 0.018281535648994516 
0 0.3663716814159292 0.979890310786106 0.019469026548672566 0.031078610603290677 
0 0.8743362831858407 0.9780621572212066 0.02831858407079646 0.02010968921389397 
