5 0.138671875 0.02734375 0.072265625 0.0703125 
5 0.326171875 0.02734375 0.072265625 0.0703125 
5 0.580078125 0.017578125 0.0703125 0.072265625 
5 0.72265625 0.37109375 0.072265625 0.072265625 
5 0.71875 0.599609375 0.072265625 0.0703125 
5 0.41796875 0.734375 0.072265625 0.0703125 
0 0.220703125 0.126953125 0.033203125 0.0234375 
0 0.03125 0.197265625 0.033203125 0.017578125 
0 0.65234375 0.25 0.03515625 0.01953125 
0 0.65234375 0.091796875 0.03125 0.021484375 
0 0.625 0.6796875 0.021484375 0.033203125 
0 0.513671875 0.548828125 0.021484375 0.033203125 
