5 0.022364217252396165 0.41264559068219636 0.06070287539936102 0.059900166389351084 
5 0.17252396166134185 0.5557404326123128 0.05910543130990415 0.059900166389351084 
5 0.38977635782747605 0.2928452579034942 0.05910543130990415 0.06156405990016639 
5 0.12460063897763578 0.8768718801996672 0.06070287539936102 0.059900166389351084 
5 0.7523961661341853 0.5124792013311148 0.06070287539936102 0.05823627287853577 
5 0.7523961661341853 0.6023294509151415 0.05910543130990415 0.059900166389351084 
5 0.8674121405750799 0.7853577371048253 0.05750798722044728 0.059900166389351084 
0 0.12619808306709265 0.31281198003327787 0.027156549520766772 0.018302828618968387 
0 0.5031948881789138 0.39434276206322794 0.01757188498402556 0.028286189683860232 
0 0.8194888178913738 0.048252911813643926 0.027156549520766772 0.016638935108153077 
0 0.6134185303514377 0.08319467554076539 0.02875399361022364 0.018302828618968387 
