5 0.458984375 0.798828125 0.12109375 0.119140625 
5 0.654296875 0.798828125 0.119140625 0.119140625 
5 0.80859375 0.798828125 0.119140625 0.119140625 
2 0.166015625 0.390625 0.037109375 0.04296875 
2 0.240234375 0.31640625 0.041015625 0.0390625 
2 0.939453125 0.3125 0.04296875 0.0390625 
2 0.865234375 0.38671875 0.0390625 0.041015625 
3 0.794921875 0.42578125 0.078125 0.04296875 
3 0.8671875 0.4921875 0.0390625 0.078125 
3 0.166015625 0.494140625 0.044921875 0.078125 
3 0.234375 0.42578125 0.07421875 0.0390625 
5 0.12109375 0.205078125 0.119140625 0.119140625 
5 0.8203125 0.19921875 0.12109375 0.1171875 
4 0.072265625 0.662109375 0.1015625 0.029296875 
