3 0.20689655172413793 0.689922480620155 0.03134796238244514 0.05891472868217054 
3 0.3338557993730408 0.6883720930232559 0.034482758620689655 0.05891472868217054 
5 0.7695924764890282 0.6341085271317829 0.09717868338557993 0.09457364341085271 
5 0.9263322884012539 0.6341085271317829 0.09561128526645768 0.09457364341085271 
2 0.5344827586206896 0.31007751937984496 0.029780564263322883 0.034108527131782945 
2 0.5940438871473355 0.25116279069767444 0.032915360501567396 0.031007751937984496 
3 0.5344827586206896 0.3922480620155039 0.03605015673981191 0.06201550387596899 
3 0.5893416927899686 0.33798449612403103 0.05956112852664577 0.031007751937984496 
5 0.0987460815047022 0.4201550387596899 0.09717868338557993 0.09457364341085271 
5 0.49843260188087773 0.16279069767441862 0.09561128526645768 0.09457364341085271 
4 0.04075235109717868 0.5472868217054263 0.023510971786833857 0.08062015503875969 
4 0.14733542319749215 0.524031007751938 0.07993730407523511 0.023255813953488372 
4 0.3338557993730408 0.524031007751938 0.07993730407523511 0.023255813953488372 
4 0.4592476489028213 0.5255813953488372 0.08150470219435736 0.023255813953488372 
