5 0.6454689984101749 0.30194805194805197 0.1383147853736089 0.14123376623376624 
5 0.08267090620031796 0.6801948051948052 0.13672496025437203 0.14123376623376624 
2 0.7837837837837838 0.43344155844155846 0.04451510333863275 0.04707792207792208 
2 0.6979332273449921 0.5162337662337663 0.04769475357710652 0.04707792207792208 
3 0.6979332273449921 0.6396103896103896 0.046104928457869634 0.08603896103896104 
3 0.7774244833068362 0.560064935064935 0.08426073131955485 0.048701298701298704 
4 0.001589825119236884 0.8652597402597403 0.034976152623211444 0.11201298701298701 
4 0.1494435612082671 0.8327922077922078 0.11764705882352941 0.030844155844155844 
4 0.42130365659777425 0.8327922077922078 0.11605723370429252 0.030844155844155844 
4 0.5930047694753577 0.8327922077922078 0.11446740858505565 0.030844155844155844 
