3 0.020477815699658702 0.9822380106571936 0.04607508532423208 0.08880994671403197 
3 0.20136518771331058 0.9822380106571936 0.04607508532423208 0.0852575488454707 
5 0.8156996587030717 0.9076376554174067 0.1348122866894198 0.14031971580817051 
5 0.4334470989761092 0.20603907637655416 0.13310580204778158 0.14209591474245115 
3 0.48464163822525597 0.5470692717584369 0.04607508532423208 0.0852575488454707 
2 0.48464163822525597 0.42451154529307283 0.04607508532423208 0.046181172291296625 
3 0.5597269624573379 0.46536412078152756 0.08532423208191127 0.0497335701598579 
2 0.5665529010238908 0.3410301953818828 0.04436860068259386 0.046181172291296625 
4 0.2030716723549488 0.7442273534635879 0.10921501706484642 0.03019538188277087 
4 0.378839590443686 0.7442273534635879 0.11604095563139932 0.028419182948490232 
