5 0.52 0.0016129032258064516 0.065 0.05806451612903226 
5 0.45 0.12903225806451613 0.06333333333333334 0.05806451612903226 
5 0.7416666666666667 0.13064516129032258 0.06166666666666667 0.05806451612903226 
5 0.6816666666666666 0.4532258064516129 0.06166666666666667 0.05967741935483871 
5 0.82 0.5532258064516129 0.06166666666666667 0.05806451612903226 
5 0.8866666666666667 0.5516129032258065 0.06 0.05967741935483871 
5 0.9466666666666667 0.4967741935483871 0.06166666666666667 0.05806451612903226 
5 0.11833333333333333 0.8483870967741935 0.06166666666666667 0.05806451612903226 
5 0.2783333333333333 0.8483870967741935 0.06166666666666667 0.05806451612903226 
5 0.495 0.8403225806451613 0.06 0.05967741935483871 
0 0.365 0.0016129032258064516 0.018333333333333333 0.025806451612903226 
0 0.7416666666666667 0.0467741935483871 0.028333333333333332 0.016129032258064516 
0 0.18833333333333332 0.9306451612903226 0.028333333333333332 0.01935483870967742 
0 0.02666666666666667 0.9887096774193549 0.028333333333333332 0.014516129032258065 
0 0.5566666666666666 0.9016129032258065 0.02666666666666667 0.017741935483870968 
0 0.9466666666666667 0.6258064516129033 0.028333333333333332 0.017741935483870968 
0 0.7716666666666666 0.45161290322580644 0.018333333333333333 0.027419354838709678 
