5 0.55078125 0.158203125 0.083984375 0.0859375 
2 0.982421875 0.009765625 0.02734375 0.029296875 
2 0.9296875 0.060546875 0.029296875 0.029296875 
3 0.9296875 0.134765625 0.029296875 0.052734375 
3 0.978515625 0.087890625 0.052734375 0.029296875 
3 0.9609375 0.916015625 0.029296875 0.052734375 
3 0.646484375 0.955078125 0.029296875 0.052734375 
5 0.060546875 0.916015625 0.0859375 0.08203125 
4 0.501953125 0.26953125 0.021484375 0.068359375 
4 0.591796875 0.25 0.072265625 0.01953125 
4 0.7578125 0.251953125 0.072265625 0.01953125 
4 0.865234375 0.251953125 0.0703125 0.01953125 
3 0.646484375 0.39453125 0.02734375 0.05078125 
3 0.75390625 0.39453125 0.029296875 0.052734375 
