3 0.4375 0.0078125 0.048828125 0.025390625 
3 0.48046875 0.05078125 0.025390625 0.046875 
5 0.115234375 0.951171875 0.078125 0.078125 
3 0.005859375 0.9609375 0.048828125 0.025390625 
3 0.056640625 0.77734375 0.02734375 0.046875 
5 0.216796875 0.248046875 0.078125 0.076171875 
5 0.341796875 0.248046875 0.076171875 0.076171875 
5 0.4453125 0.248046875 0.080078125 0.076171875 
5 0.65234375 0.248046875 0.078125 0.076171875 
3 0.02734375 0.05078125 0.02734375 0.046875 
3 0.0703125 0.005859375 0.048828125 0.02734375 
