3 0.13279678068410464 0.19831223628691982 0.02012072434607646 0.04008438818565401 
3 0.2152917505030181 0.19831223628691982 0.022132796780684104 0.04008438818565401 
5 0.49295774647887325 0.16244725738396623 0.06237424547283702 0.06329113924050633 
5 0.5935613682092555 0.16244725738396623 0.06237424547283702 0.06329113924050633 
5 0.6740442655935613 0.16244725738396623 0.06237424547283702 0.06329113924050633 
5 0.8390342052313883 0.16033755274261605 0.06237424547283702 0.06540084388185655 
5 0.06438631790744467 0.014767932489451477 0.06237424547283702 0.06329113924050633 
3 0.13279678068410464 0.630801687763713 0.02414486921529175 0.04008438818565401 
3 0.36619718309859156 0.5991561181434599 0.02414486921529175 0.04219409282700422 
3 0.2676056338028169 0.8080168776371308 0.02012072434607646 0.04219409282700422 
5 0.4124748490945674 0.7468354430379747 0.06237424547283702 0.06329113924050633 
0 0.3641851106639839 0.8080168776371308 0.02012072434607646 0.04219409282700422 
3 0.32595573440643866 0.7552742616033755 0.04024144869215292 0.023206751054852322 
3 0.32595573440643866 0.8607594936708861 0.04024144869215292 0.02109704641350211 
3 0.36619718309859156 0.8987341772151899 0.02414486921529175 0.04008438818565401 
4 0.026156941649899398 0.10126582278481013 0.01609657947686117 0.05485232067510549 
4 0.09456740442655935 0.08649789029535865 0.05030181086519115 0.014767932489451477 
4 0.2152917505030181 0.08649789029535865 0.05030181086519115 0.014767932489451477 
4 0.2937625754527163 0.08860759493670886 0.052313883299798795 0.014767932489451477 
