5 0.2578125 0.04296875 0.087890625 0.083984375 
5 0.375 0.04296875 0.0859375 0.083984375 
5 0.361328125 0.4296875 0.08203125 0.083984375 
2 0.443359375 0.5078125 0.02734375 0.02734375 
2 0.392578125 0.560546875 0.02734375 0.02734375 
3 0.345703125 0.587890625 0.052734375 0.02734375 
3 0.392578125 0.63671875 0.029296875 0.052734375 
5 0.107421875 0.84765625 0.08203125 0.083984375 
5 0.240234375 0.84765625 0.08203125 0.080078125 
5 0.3515625 0.84765625 0.0859375 0.08203125 
5 0.57421875 0.84765625 0.0859375 0.083984375 
2 0.84375 0.10546875 0.07421875 0.07421875 
2 0.6953125 0.25390625 0.07421875 0.07421875 
3 0.693359375 0.4609375 0.080078125 0.1484375 
3 0.830078125 0.326171875 0.1484375 0.078125 
