5 0.109375 0.001953125 0.076171875 0.0703125 
5 0.02734375 0.15625 0.07421875 0.0703125 
5 0.369140625 0.158203125 0.072265625 0.0703125 
5 0.298828125 0.548828125 0.072265625 0.072265625 
5 0.4609375 0.669921875 0.072265625 0.0703125 
5 0.5390625 0.66796875 0.0703125 0.072265625 
5 0.609375 0.6015625 0.072265625 0.0703125 
0 0.369140625 0.056640625 0.033203125 0.01953125 
0 0.759765625 0.056640625 0.033203125 0.01953125 
0 0.609375 0.7578125 0.033203125 0.021484375 
0 0.404296875 0.546875 0.021484375 0.033203125 
0 0.96484375 0.544921875 0.03125 0.021484375 
