2 0.14756944444444445 0.7985989492119089 0.03298611111111111 0.03852889667250438 
2 0.21354166666666666 0.7320490367775832 0.036458333333333336 0.03502626970227671 
2 0.8350694444444444 0.7285464098073555 0.03819444444444445 0.03502626970227671 
2 0.7690972222222222 0.7950963222416813 0.034722222222222224 0.03677758318739054 
3 0.7065972222222222 0.830122591943958 0.06944444444444445 0.03852889667250438 
3 0.7708333333333334 0.8896672504378283 0.034722222222222224 0.07005253940455342 
3 0.14756944444444445 0.8914185639229422 0.03993055555555555 0.07005253940455342 
3 0.20833333333333334 0.830122591943958 0.06597222222222222 0.03502626970227671 
5 0.1076388888888889 0.6322241681260946 0.10590277777777778 0.10683012259194395 
5 0.7291666666666666 0.626970227670753 0.1076388888888889 0.10507880910683012 
