5 0.03220035778175313 0.8242530755711776 0.07692307692307693 0.07381370826010544 
5 0.481216457960644 0.14235500878734622 0.07692307692307693 0.07557117750439367 
2 0.8765652951699463 0.008787346221441126 0.026833631484794274 0.02460456942003515 
2 0.8282647584973166 0.056239015817223195 0.026833631484794274 0.02460456942003515 
2 0.8282647584973166 0.12126537785588752 0.026833631484794274 0.04745166959578207 
3 0.5670840787119857 0.35676625659050965 0.026833631484794274 0.04745166959578207 
3 0.669051878354204 0.35676625659050965 0.026833631484794274 0.04745166959578207 
3 0.5635062611806798 0.859402460456942 0.026833631484794274 0.04745166959578207 
3 0.8568872987477638 0.8242530755711776 0.026833631484794274 0.04745166959578207 
5 0.9141323792486583 0.9947275922671354 0.07871198568872988 0.07381370826010544 
4 0.4347048300536673 0.24253075571177504 0.017889087656529516 0.0632688927943761 
4 0.518783542039356 0.22671353251318102 0.06440071556350627 0.01757469244288225 
4 0.669051878354204 0.22671353251318102 0.06618962432915922 0.01757469244288225 
4 0.7674418604651163 0.22671353251318102 0.06618962432915922 0.01757469244288225 
