5 0.3698630136986301 0.7644859813084112 0.12720156555772993 0.11775700934579439 
5 0.08414872798434442 0.9551401869158879 0.1232876712328767 0.11775700934579439 
2 0.2172211350293542 0.6542056074766355 0.046966731898238745 0.041121495327102804 
2 0.16046966731898238 0.30467289719626167 0.046966731898238745 0.03925233644859813 
5 0.01761252446183953 0.05794392523364486 0.12524461839530332 0.11962616822429907 
5 0.3913894324853229 0.1308411214953271 0.1232876712328767 0.11962616822429907 
5 0.8297455968688845 0.1308411214953271 0.12524461839530332 0.11962616822429907 
2 0.949119373776908 0.30280373831775703 0.04500978473581213 0.041121495327102804 
5 0.7514677103718199 0.9570093457943926 0.12524461839530332 0.11775700934579439 
5 0.8708414872798435 0.9570093457943926 0.12524461839530332 0.11775700934579439 
