0 0.16266173752310537 0.1657250470809793 0.09611829944547134 0.07344632768361582 
0 0.46395563770794823 0.1657250470809793 0.09981515711645102 0.07344632768361582 
0 0.7689463955637708 0.16760828625235405 0.09796672828096119 0.07532956685499058 
3 0.16266173752310537 0.5291902071563088 0.09611829944547134 0.07721280602636535 
3 0.4269870609981516 0.5291902071563088 0.09796672828096119 0.07344632768361582 
3 0.6931608133086876 0.5291902071563088 0.09611829944547134 0.07344632768361582 
3 0.9722735674676525 0.5291902071563088 0.09611829944547134 0.07344632768361582 
3 0.16266173752310537 0.8851224105461394 0.09611829944547134 0.07909604519774012 
6 0.4232902033271719 0.8870056497175142 0.10166358595194085 0.07909604519774012 
3 0.6876155268022182 0.8870056497175142 0.09796672828096119 0.07909604519774012 
