0 0.06973058637083994 0.07028753993610223 0.04120443740095087 0.03194888178913738 
0 0.19968304278922344 0.07028753993610223 0.042789223454833596 0.03194888178913738 
0 0.329635499207607 0.07028753993610223 0.04120443740095087 0.03194888178913738 
0 0.4643423137876387 0.07188498402555911 0.042789223454833596 0.03354632587859425 
0 0.6006339144215531 0.07028753993610223 0.042789223454833596 0.03035143769968051 
0 0.7131537242472267 0.06070287539936102 0.025356576862123614 0.03194888178913738 
3 0.06973058637083994 0.22364217252396165 0.04120443740095087 0.03354632587859425 
3 0.18225039619651348 0.22364217252396165 0.04120443740095087 0.03194888178913738 
3 0.29635499207606975 0.22364217252396165 0.04120443740095087 0.03194888178913738 
3 0.41679873217115687 0.22364217252396165 0.04120443740095087 0.03194888178913738 
3 0.06973058637083994 0.3753993610223642 0.04120443740095087 0.03354632587859425 
6 0.18066561014263074 0.3769968051118211 0.044374009508716325 0.03354632587859425 
3 0.294770206022187 0.3769968051118211 0.04120443740095087 0.03354632587859425 
