0 0.11083123425692695 0.11139240506329114 0.0654911838790932 0.05063291139240506 
0 0.31738035264483627 0.11139240506329114 0.06801007556675064 0.05063291139240506 
0 0.5239294710327456 0.11139240506329114 0.0654911838790932 0.05063291139240506 
0 0.7380352644836272 0.11392405063291139 0.06801007556675064 0.053164556962025315 
0 0.9546599496221663 0.11139240506329114 0.06801007556675064 0.04810126582278481 
3 0.11083123425692695 0.35443037974683544 0.0654911838790932 0.053164556962025315 
3 0.28967254408060455 0.35443037974683544 0.0654911838790932 0.05063291139240506 
3 0.47103274559193953 0.35443037974683544 0.0654911838790932 0.05063291139240506 
3 0.6624685138539043 0.35443037974683544 0.0654911838790932 0.05063291139240506 
3 0.11083123425692695 0.5949367088607594 0.0654911838790932 0.053164556962025315 
6 0.2871536523929471 0.5974683544303797 0.07052896725440806 0.053164556962025315 
3 0.46851385390428213 0.5974683544303797 0.0654911838790932 0.053164556962025315 
