5 0.01436265709156194 0.13285457809694792 0.06463195691202872 0.06104129263913824 
5 0.4829443447037702 0.2621184919210054 0.06642728904847396 0.06642728904847396 
5 0.48473967684021546 0.5080789946140036 0.06463195691202872 0.06463195691202872 
5 0.7737881508078994 0.4488330341113106 0.06463195691202872 0.06463195691202872 
5 0.8833034111310593 0.5888689407540395 0.06642728904847396 0.06642728904847396 
5 0.8168761220825853 0.9497307001795332 0.06463195691202872 0.06642728904847396 
5 0.9820466786355476 0.9838420107719928 0.06463195691202872 0.06463195691202872 
0 0.926391382405745 0.9012567324955116 0.025134649910233394 0.04308797127468582 
4 0.3518850987432675 0.6696588868940754 0.07001795332136446 0.017953321364452424 
4 0.19748653500897667 0.17953321364452424 0.01615798922800718 0.07001795332136446 
