2 0.07603305785123966 0.09899328859060402 0.08099173553719008 0.08053691275167785 
2 0.33553719008264465 0.010067114093959731 0.08264462809917356 0.08221476510067115 
3 0.6462809917355372 0.010067114093959731 0.1537190082644628 0.07885906040268456 
3 0.07768595041322314 0.26174496644295303 0.08429752066115702 0.15771812080536912 
2 0.6826446280991736 0.33557046979865773 0.07933884297520662 0.08221476510067115 
2 0.4677685950413223 0.4278523489932886 0.08264462809917356 0.08053691275167785 
3 0.4677685950413223 0.5906040268456376 0.08099173553719008 0.15771812080536912 
3 0.9917355371900827 0.33557046979865773 0.15537190082644628 0.08557046979865772 
2 0.46115702479338844 0.9161073825503355 0.08264462809917356 0.08389261744966443 
3 0.9933884297520661 0.912751677852349 0.15537190082644628 0.08053691275167785 
