2 0.33495934959349594 0.1218274111675127 0.04065040650406504 0.04060913705583756 
3 0.022764227642276424 0.12013536379018612 0.07642276422764227 0.04230118443316413 
3 0.16910569105691056 0.2098138747884941 0.04227642276422764 0.08121827411167512 
2 0.5154471544715448 0.38747884940778343 0.04065040650406504 0.04060913705583756 
2 0.5154471544715448 0.5262267343485617 0.04065040650406504 0.04230118443316413 
2 0.3333333333333333 0.6159052453468697 0.04065040650406504 0.04230118443316413 
3 0.022764227642276424 0.6159052453468697 0.07804878048780488 0.04230118443316413 
3 0.6699186991869919 0.38578680203045684 0.07804878048780488 0.043993231810490696 
3 0.6699186991869919 0.5245346869712352 0.07804878048780488 0.04230118443316413 
2 0.6130081300813008 0.7055837563451777 0.04065040650406504 0.04230118443316413 
2 0.510569105691057 0.7631133671742809 0.03902439024390244 0.04230118443316413 
2 0.33983739837398375 0.8883248730964467 0.04065040650406504 0.04230118443316413 
2 0.5756097560975609 0.934010152284264 0.04227642276422764 0.04060913705583756 
3 0.7398373983739838 0.7055837563451777 0.07804878048780488 0.043993231810490696 
3 0.6455284552845528 0.8189509306260575 0.07642276422764227 0.04230118443316413 
3 0.33983739837398375 0.7918781725888325 0.04065040650406504 0.08121827411167512 
3 0.7300813008130081 0.9323181049069373 0.07804878048780488 0.04230118443316413 
3 0.022764227642276424 0.754653130287648 0.07642276422764227 0.04230118443316413 
