2 0.119140625 0.107421875 0.048828125 0.048828125 
3 0.3046875 0.10546875 0.09375 0.048828125 
2 0.236328125 0.314453125 0.048828125 0.048828125 
2 0.11328125 0.380859375 0.046875 0.048828125 
2 0.19140625 0.578125 0.05078125 0.046875 
3 0.388671875 0.314453125 0.09375 0.05078125 
3 0.275390625 0.4453125 0.091796875 0.048828125 
3 0.376953125 0.576171875 0.09375 0.048828125 
2 0.19140625 0.72265625 0.048828125 0.046875 
2 0.19140625 0.869140625 0.048828125 0.046875 
3 0.376953125 0.72265625 0.09375 0.046875 
3 0.376953125 0.869140625 0.095703125 0.048828125 
