3 0.41408934707903783 0.06743421052631579 0.08247422680412371 0.04111842105263158 
2 0.015463917525773196 0.13651315789473684 0.0429553264604811 0.039473684210526314 
2 0.1323024054982818 0.13486842105263158 0.044673539518900345 0.039473684210526314 
2 0.24570446735395188 0.13651315789473684 0.0429553264604811 0.039473684210526314 
2 0.4793814432989691 0.2598684210526316 0.0429553264604811 0.039473684210526314 
2 0.6151202749140894 0.21546052631578946 0.0429553264604811 0.039473684210526314 
3 0.7766323024054983 0.21546052631578946 0.08075601374570447 0.03782894736842105 
3 0.4793814432989691 0.33881578947368424 0.044673539518900345 0.07730263157894737 
2 0.7938144329896907 0.375 0.041237113402061855 0.039473684210526314 
2 0.6821305841924399 0.42105263157894735 0.0429553264604811 0.039473684210526314 
3 0.6838487972508591 0.5 0.0429553264604811 0.07730263157894737 
3 0.9553264604810997 0.375 0.08075601374570447 0.04111842105263158 
2 0.6804123711340206 0.6595394736842105 0.0429553264604811 0.04111842105263158 
3 0.7731958762886598 0.7220394736842105 0.0429553264604811 0.07730263157894737 
3 0.9570446735395189 0.6578947368421053 0.08075601374570447 0.039473684210526314 
2 0.9467353951890034 0.8585526315789473 0.0429553264604811 0.04111842105263158 
2 0.8384879725085911 0.899671052631579 0.041237113402061855 0.039473684210526314 
3 0.8384879725085911 0.9819078947368421 0.0429553264604811 0.07730263157894737 
