3 0.9521072796934866 0.07945736434108527 0.09195402298850575 0.04844961240310078 
2 0.2471264367816092 0.15891472868217055 0.04980842911877394 0.046511627906976744 
2 0.37547892720306514 0.15891472868217055 0.04789272030651341 0.046511627906976744 
2 0.5076628352490421 0.16085271317829458 0.04789272030651341 0.046511627906976744 
2 0.6379310344827587 0.15891472868217055 0.04980842911877394 0.046511627906976744 
2 0.764367816091954 0.16085271317829458 0.04789272030651341 0.046511627906976744 
2 0.09003831417624521 0.33527131782945735 0.04789272030651341 0.04844961240310078 
3 0.23754789272030652 0.4883720930232558 0.09003831417624521 0.04844961240310078 
3 0.40804597701149425 0.8062015503875969 0.09003831417624521 0.046511627906976744 
2 0.2471264367816092 0.9166666666666666 0.04980842911877394 0.046511627906976744 
