3 0.3970345963756178 0.06873977086743044 0.07907742998352553 0.03927986906710311 
3 0.3970345963756178 0.19312602291325695 0.07907742998352553 0.04091653027823241 
3 0.3970345963756178 0.3404255319148936 0.07907742998352553 0.04091653027823241 
3 0.3970345963756178 0.486088379705401 0.07907742998352553 0.04091653027823241 
2 0.014827018121911038 0.5548281505728314 0.04118616144975288 0.03927986906710311 
2 0.12685337726523888 0.5531914893617021 0.042833607907743 0.03927986906710311 
2 0.2355848434925865 0.5548281505728314 0.04118616144975288 0.03927986906710311 
2 0.4596375617792422 0.6775777414075287 0.04118616144975288 0.03927986906710311 
2 0.5897858319604613 0.6333878887070377 0.04118616144975288 0.03927986906710311 
3 0.7446457990115322 0.6333878887070377 0.07742998352553541 0.03764320785597381 
3 0.4596375617792422 0.7561374795417348 0.042833607907743 0.07692307692307693 
2 0.7611202635914333 0.7921440261865794 0.039538714991762765 0.03927986906710311 
2 0.6540362438220758 0.8379705400981997 0.04118616144975288 0.03927986906710311 
3 0.6556836902800659 0.9165302782324058 0.04118616144975288 0.07692307692307693 
3 0.9159802306425041 0.7921440261865794 0.07742998352553541 0.04091653027823241 
