2 0.044921875 0.30859375 0.048828125 0.046875 
2 0.19921875 0.255859375 0.048828125 0.046875 
3 0.3828125 0.255859375 0.091796875 0.044921875 
3 0.044921875 0.40234375 0.05078125 0.091796875 
2 0.40234375 0.4453125 0.046875 0.046875 
2 0.275390625 0.5 0.048828125 0.046875 
3 0.27734375 0.59375 0.048828125 0.091796875 
3 0.5859375 0.4453125 0.091796875 0.048828125 
2 0.2734375 0.783203125 0.048828125 0.048828125 
3 0.37890625 0.857421875 0.048828125 0.091796875 
3 0.587890625 0.78125 0.091796875 0.046875 
