3 0.25443786982248523 0.5080321285140562 0.05128205128205128 0.09437751004016064 
3 0.980276134122288 0.08433734939759036 0.09467455621301775 0.04819277108433735 
3 0.980276134122288 0.23694779116465864 0.09467455621301775 0.050200803212851405 
3 0.980276134122288 0.41767068273092367 0.09467455621301775 0.050200803212851405 
3 0.980276134122288 0.5963855421686747 0.09467455621301775 0.050200803212851405 
2 0.25443786982248523 0.678714859437751 0.05128205128205128 0.04819277108433735 
2 0.3865877712031558 0.678714859437751 0.04930966469428008 0.04819277108433735 
2 0.5226824457593688 0.6807228915662651 0.04930966469428008 0.04819277108433735 
2 0.6568047337278107 0.678714859437751 0.05128205128205128 0.04819277108433735 
2 0.7869822485207101 0.6807228915662651 0.04930966469428008 0.04819277108433735 
2 0.09270216962524655 0.8614457831325302 0.04930966469428008 0.050200803212851405 
