2 0.3950850661625709 0.024761904761904763 0.04725897920604915 0.047619047619047616 
2 0.6691871455576559 0.0761904761904762 0.04914933837429111 0.045714285714285714 
3 0.8487712665406427 0.07428571428571429 0.09073724007561437 0.047619047619047616 
2 0.6691871455576559 0.21714285714285714 0.04725897920604915 0.045714285714285714 
2 0.6691871455576559 0.36 0.04725897920604915 0.045714285714285714 
3 0.8487712665406427 0.21714285714285714 0.09073724007561437 0.045714285714285714 
3 0.8487712665406427 0.36 0.09262759924385633 0.047619047619047616 
3 0.31001890359168244 0.41714285714285715 0.09073724007561437 0.047619047619047616 
2 0.10775047258979206 0.6819047619047619 0.04725897920604915 0.047619047619047616 
2 0.5368620037807184 0.9123809523809524 0.04725897920604915 0.045714285714285714 
