2 0.10931899641577061 0.10091743119266056 0.044802867383512544 0.045871559633027525 
3 0.27956989247311825 0.09908256880733946 0.08602150537634409 0.045871559633027525 
2 0.2168458781362007 0.29541284403669726 0.044802867383512544 0.045871559633027525 
2 0.1039426523297491 0.3577981651376147 0.043010752688172046 0.045871559633027525 
2 0.17562724014336917 0.5431192660550459 0.04659498207885305 0.044036697247706424 
3 0.35663082437275984 0.29541284403669726 0.08602150537634409 0.047706422018348627 
3 0.25268817204301075 0.41834862385321103 0.08422939068100359 0.045871559633027525 
3 0.34587813620071683 0.5412844036697247 0.08602150537634409 0.045871559633027525 
2 0.17562724014336917 0.6788990825688074 0.044802867383512544 0.044036697247706424 
2 0.17562724014336917 0.8165137614678899 0.044802867383512544 0.044036697247706424 
3 0.34587813620071683 0.6788990825688074 0.08602150537634409 0.044036697247706424 
3 0.34587813620071683 0.8165137614678899 0.08781362007168458 0.045871559633027525 
