3 0.21044045676998369 0.4209650582362729 0.04241435562805873 0.07820299500831947 
3 0.8107667210440457 0.06988352745424292 0.07830342577487764 0.03993344425956739 
3 0.8107667210440457 0.19633943427620631 0.07830342577487764 0.04159733777038269 
3 0.8107667210440457 0.34608985024958405 0.07830342577487764 0.04159733777038269 
3 0.8107667210440457 0.49417637271214643 0.07830342577487764 0.04159733777038269 
2 0.21044045676998369 0.562396006655574 0.04241435562805873 0.03993344425956739 
2 0.3197389885807504 0.562396006655574 0.040783034257748776 0.03993344425956739 
2 0.43230016313213704 0.5640599001663894 0.040783034257748776 0.03993344425956739 
2 0.5432300163132137 0.562396006655574 0.04241435562805873 0.03993344425956739 
2 0.6508972267536705 0.5640599001663894 0.040783034257748776 0.03993344425956739 
2 0.8727569331158238 0.6888519134775375 0.040783034257748776 0.03993344425956739 
3 0.8727569331158238 0.7687188019966722 0.04241435562805873 0.07820299500831947 
2 0.0766721044045677 0.7138103161397671 0.040783034257748776 0.04159733777038269 
3 0.20228384991843393 0.8452579034941764 0.0766721044045677 0.04159733777038269 
