2 0.05609756097560976 0.36574074074074076 0.06097560975609756 0.05555555555555555 
2 0.24878048780487805 0.30324074074074076 0.06097560975609756 0.05555555555555555 
3 0.47804878048780486 0.30324074074074076 0.11463414634146342 0.05324074074074074 
3 0.05609756097560976 0.47685185185185186 0.06341463414634146 0.1087962962962963 
2 0.5024390243902439 0.5277777777777778 0.05853658536585366 0.05555555555555555 
2 0.3439024390243902 0.5925925925925926 0.06097560975609756 0.05555555555555555 
3 0.3463414634146341 0.7037037037037037 0.06097560975609756 0.1087962962962963 
3 0.7317073170731707 0.5277777777777778 0.11463414634146342 0.05787037037037037 
2 0.34146341463414637 0.9282407407407407 0.06097560975609756 0.05787037037037037 
3 0.7341463414634146 0.9259259259259259 0.11463414634146342 0.05555555555555555 
