3 0.470703125 0.08203125 0.09375 0.046875 
3 0.470703125 0.23046875 0.09375 0.048828125 
3 0.470703125 0.40625 0.09375 0.048828125 
3 0.470703125 0.580078125 0.09375 0.048828125 
2 0.017578125 0.662109375 0.048828125 0.046875 
2 0.150390625 0.66015625 0.05078125 0.046875 
2 0.279296875 0.662109375 0.048828125 0.046875 
2 0.544921875 0.80859375 0.048828125 0.046875 
2 0.69921875 0.755859375 0.048828125 0.046875 
3 0.8828125 0.755859375 0.091796875 0.044921875 
3 0.544921875 0.90234375 0.05078125 0.091796875 
2 0.90234375 0.9453125 0.046875 0.046875 
