2 0.40234375 0.140625 0.048828125 0.046875 
3 0.02734375 0.138671875 0.091796875 0.048828125 
3 0.203125 0.2421875 0.05078125 0.09375 
2 0.619140625 0.447265625 0.048828125 0.046875 
2 0.619140625 0.607421875 0.048828125 0.048828125 
2 0.400390625 0.7109375 0.048828125 0.048828125 
3 0.02734375 0.7109375 0.09375 0.048828125 
3 0.8046875 0.4453125 0.09375 0.05078125 
3 0.8046875 0.60546875 0.09375 0.048828125 
2 0.736328125 0.814453125 0.048828125 0.048828125 
2 0.61328125 0.880859375 0.046875 0.048828125 
3 0.888671875 0.814453125 0.09375 0.05078125 
3 0.775390625 0.9453125 0.091796875 0.048828125 
3 0.408203125 0.9140625 0.048828125 0.09375 
3 0.02734375 0.87109375 0.091796875 0.048828125 
