5 0.5008635578583766 0.8206039076376554 0.13644214162348878 0.13854351687388988 
5 0.6373056994818653 0.7371225577264654 0.13471502590673576 0.13676731793960922 
5 0.7530224525043178 0.8916518650088809 0.13471502590673576 0.13854351687388988 
5 0.5008635578583766 0.1936056838365897 0.13644214162348878 0.13854351687388988 
5 0.6373056994818653 0.12255772646536411 0.13298791018998274 0.14031971580817051 
5 0.7512953367875648 0.27708703374777977 0.13471502590673576 0.13676731793960922 
6 0.21761658031088082 0.40852575488454707 0.08808290155440414 0.06216696269982238 
6 0.38687392055267705 0.4103019538188277 0.0846286701208981 0.06039076376554174 
6 0.9032815198618307 0.4103019538188277 0.08635578583765112 0.06039076376554174 
3 0.6373056994818653 0.4103019538188277 0.09671848013816926 0.05150976909413854 
2 0.5181347150259067 0.40852575488454707 0.07081174438687392 0.06216696269982238 
2 0.7564766839378239 0.4103019538188277 0.07253886010362694 0.06571936056838366 
6 0.3022452504317789 0.5399644760213144 0.06390328151986183 0.09769094138543517 
6 0.9879101899827288 0.5417406749555951 0.06735751295336788 0.09591474245115453 
