5 0.5017301038062284 0.34915254237288135 0.13667820069204153 0.13220338983050847 
5 0.6384083044982699 0.26949152542372884 0.13494809688581316 0.13050847457627118 
5 0.754325259515571 0.41694915254237286 0.13494809688581316 0.13220338983050847 
3 0.6384083044982699 0.5457627118644067 0.09688581314878893 0.05423728813559322 
2 0.5190311418685121 0.5440677966101695 0.07093425605536333 0.061016949152542375 
2 0.7577854671280276 0.5440677966101695 0.07093425605536333 0.061016949152542375 
6 0.3027681660899654 0.08135593220338982 0.06401384083044982 0.09322033898305085 
6 0.9896193771626297 0.08305084745762711 0.06747404844290658 0.09152542372881356 
6 0.2179930795847751 0.5440677966101695 0.08823529411764706 0.0576271186440678 
6 0.38581314878892736 0.5440677966101695 0.0847750865051903 0.0576271186440678 
6 0.8961937716262975 0.5440677966101695 0.0847750865051903 0.0576271186440678 
6 0.3027681660899654 0.6694915254237288 0.06228373702422145 0.09152542372881356 
6 0.9792387543252595 0.6677966101694915 0.06228373702422145 0.09322033898305085 
