5 0.06640625 0.90234375 0.154296875 0.15234375 
5 0.220703125 0.810546875 0.15234375 0.150390625 
5 0.3515625 0.98046875 0.15234375 0.15234375 
5 0.06640625 0.212890625 0.154296875 0.15234375 
5 0.220703125 0.134765625 0.150390625 0.154296875 
5 0.349609375 0.3046875 0.15234375 0.150390625 
5 0.81640625 0.134765625 0.15234375 0.150390625 
5 0.81640625 0.810546875 0.15234375 0.15234375 
6 0.521484375 0.451171875 0.09765625 0.06640625 
6 0.7109375 0.451171875 0.09765625 0.06640625 
3 0.220703125 0.451171875 0.109375 0.056640625 
2 0.0859375 0.44921875 0.080078125 0.068359375 
2 0.35546875 0.451171875 0.08203125 0.072265625 
6 0.6171875 0.595703125 0.076171875 0.10546875 
