5 0.4923599320882852 0.7979274611398963 0.13412563667232597 0.13471502590673576 
5 0.6264855687606112 0.7167530224525043 0.13242784380305603 0.13298791018998274 
5 0.7402376910016978 0.8670120898100173 0.13242784380305603 0.13471502590673576 
5 0.4923599320882852 0.18825561312607944 0.13412563667232597 0.13471502590673576 
5 0.6264855687606112 0.11917098445595854 0.1307300509337861 0.13644214162348878 
5 0.7385398981324278 0.2694300518134715 0.13242784380305603 0.13298791018998274 
6 0.21392190152801357 0.39723661485319517 0.0865874363327674 0.06044905008635579 
6 0.38030560271646857 0.39896373056994816 0.0831918505942275 0.05872193436960276 
6 0.8879456706281834 0.39896373056994816 0.08488964346349745 0.05872193436960276 
3 0.6264855687606112 0.39896373056994816 0.09507640067911714 0.05008635578583765 
3 0.6264855687606112 0.998272884283247 0.09507640067911714 0.055267702936096716 
2 0.5093378607809848 0.39723661485319517 0.06960950764006792 0.06044905008635579 
2 0.7436332767402377 0.39896373056994816 0.07130730050933787 0.06390328151986183 
2 0.5093378607809848 0.9965457685664939 0.06960950764006792 0.06217616580310881 
2 0.7436332767402377 0.9965457685664939 0.06960950764006792 0.06217616580310881 
6 0.29711375212224106 0.5250431778929189 0.06281833616298811 0.09499136442141623 
6 0.9711375212224108 0.5267702936096719 0.06621392190152801 0.09326424870466321 
6 0.21392190152801357 0.9965457685664939 0.0865874363327674 0.05872193436960276 
6 0.37860780984719866 0.9965457685664939 0.0831918505942275 0.05872193436960276 
6 0.8794567062818336 0.9965457685664939 0.0831918505942275 0.05872193436960276 
