5 0.6209850107066381 0.45274725274725275 0.16916488222698073 0.17142857142857143 
5 0.7901498929336188 0.34945054945054943 0.1670235546038544 0.16923076923076924 
5 0.9336188436830836 0.5406593406593406 0.1670235546038544 0.17142857142857143 
3 0.7901498929336188 0.7076923076923077 0.11991434689507495 0.07032967032967033 
2 0.6423982869379015 0.7054945054945055 0.08779443254817987 0.07912087912087912 
2 0.9379014989293362 0.7054945054945055 0.08779443254817987 0.07912087912087912 
6 0.3747323340471092 0.1054945054945055 0.07922912205567452 0.12087912087912088 
6 0.2698072805139186 0.7054945054945055 0.10920770877944326 0.07472527472527472 
6 0.47751605995717344 0.7054945054945055 0.10492505353319058 0.07472527472527472 
6 0.3747323340471092 0.8681318681318682 0.07708779443254818 0.11868131868131868 
