5 0.56640625 0.90234375 0.154296875 0.15234375 
5 0.720703125 0.810546875 0.15234375 0.150390625 
5 0.8515625 0.98046875 0.15234375 0.15234375 
5 0.56640625 0.212890625 0.154296875 0.15234375 
5 0.720703125 0.134765625 0.150390625 0.154296875 
5 0.849609375 0.3046875 0.15234375 0.150390625 
6 0.24609375 0.44921875 0.099609375 0.068359375 
6 0.4375 0.451171875 0.095703125 0.06640625 
3 0.720703125 0.451171875 0.109375 0.056640625 
2 0.5859375 0.44921875 0.080078125 0.068359375 
2 0.85546875 0.451171875 0.08203125 0.072265625 
6 0.341796875 0.59375 0.072265625 0.107421875 
