5 0.27427184466019416 0.9584295612009238 0.18932038834951456 0.17782909930715934 
5 0.0825242718446602 0.2517321016166282 0.19174757281553398 0.18013856812933027 
5 0.27427184466019416 0.15935334872979215 0.18689320388349515 0.18244803695150116 
5 0.4344660194174757 0.36027713625866054 0.18932038834951456 0.17782909930715934 
6 0.6480582524271845 0.5334872979214781 0.12135922330097088 0.07852193995381063 
6 0.883495145631068 0.5334872979214781 0.12135922330097088 0.07852193995381063 
3 0.27427184466019416 0.5334872979214781 0.13592233009708737 0.06697459584295612 
2 0.10679611650485436 0.5311778290993071 0.09951456310679611 0.08083140877598152 
2 0.441747572815534 0.5334872979214781 0.10194174757281553 0.08545034642032333 
6 0.7669902912621359 0.7043879907621247 0.09466019417475728 0.12471131639722864 
