5 0.2082018927444795 0.0861244019138756 0.11356466876971609 0.11802232854864433 
5 0.05362776025236593 0.43381180223285487 0.11829652996845426 0.11642743221690591 
5 0.026813880126182965 0.6682615629984051 0.11829652996845426 0.12121212121212122 
5 0.7365930599369085 0.11802232854864433 0.11829652996845426 0.11642743221690591 
5 0.919558359621451 0.1594896331738437 0.11829652996845426 0.11483253588516747 
0 0.7381703470031545 0.23923444976076555 0.04100946372239748 0.0685805422647528 
2 0.8406940063091483 0.532695374800638 0.03785488958990536 0.03827751196172249 
0 0.7018927444794952 0.671451355661882 0.0694006309148265 0.03827751196172249 
0 0.8186119873817035 0.6698564593301436 0.0694006309148265 0.03827751196172249 
5 0.8123028391167192 0.94896331738437 0.11829652996845426 0.11323763955342903 
