5 0.4859154929577465 0.926829268292683 0.06690140845070422 0.0627177700348432 
5 0.2112676056338028 0.9233449477351916 0.06338028169014084 0.0627177700348432 
5 0.7376760563380281 0.5871080139372822 0.06338028169014084 0.0627177700348432 
5 0.653169014084507 0.5313588850174216 0.06514084507042253 0.0627177700348432 
5 0.4154929577464789 0.3623693379790941 0.06514084507042253 0.0627177700348432 
5 0.9894366197183099 0.5662020905923345 0.06690140845070422 0.0627177700348432 
5 0.8098591549295775 0.3832752613240418 0.06338028169014084 0.0627177700348432 
5 0.9612676056338029 0.3519163763066202 0.06514084507042253 0.0627177700348432 
0 0.897887323943662 0.5226480836236934 0.02112676056338028 0.04006968641114982 
0 0.8644366197183099 0.4808362369337979 0.03873239436619718 0.020905923344947737 
0 0.5563380281690141 0.6881533101045296 0.02112676056338028 0.03832752613240418 
0 0.653169014084507 0.5993031358885017 0.02112676056338028 0.03832752613240418 
0 0.49471830985915494 0.6097560975609756 0.02112676056338028 0.03832752613240418 
0 0.5475352112676056 0.4651567944250871 0.02112676056338028 0.036585365853658534 
0 0.4154929577464789 0.4250871080139373 0.02112676056338028 0.03832752613240418 
0 0.4154929577464789 0.47560975609756095 0.02112676056338028 0.03832752613240418 
0 0.31161971830985913 0.4094076655052265 0.02112676056338028 0.03832752613240418 
0 0.5862676056338029 0.40418118466898956 0.03873239436619718 0.020905923344947737 
0 0.6373239436619719 0.40418118466898956 0.03873239436619718 0.02264808362369338 
0 0.5492957746478874 0.3588850174216028 0.02112676056338028 0.03832752613240418 
0 0.5915492957746479 0.30313588850174217 0.02112676056338028 0.03832752613240418 
0 0.6355633802816901 0.2700348432055749 0.03873239436619718 0.020905923344947737 
0 0.34507042253521125 0.2421602787456446 0.03697183098591549 0.020905923344947737 
0 0.3961267605633803 0.24390243902439024 0.03873239436619718 0.020905923344947737 
3 0.31161971830985913 0.15331010452961671 0.02112676056338028 0.03832752613240418 
2 0.5492957746478874 0.3153310104529617 0.01936619718309859 0.020905923344947737 
2 0.6813380281690141 0.2700348432055749 0.02112676056338028 0.020905923344947737 
0 0.13028169014084506 0.2456445993031359 0.01936619718309859 0.03832752613240418 
0 0.09330985915492958 0.2456445993031359 0.02112676056338028 0.03832752613240418 
0 0.13380281690140844 0.29965156794425085 0.01936619718309859 0.03832752613240418 
3 0.09330985915492958 0.29965156794425085 0.02112676056338028 0.03832752613240418 
3 0.13380281690140844 0.4843205574912892 0.02112676056338028 0.036585365853658534 
0 0.16725352112676056 0.554006968641115 0.03873239436619718 0.017421602787456445 
1 0.008802816901408451 0.4895470383275261 0.03873239436619718 0.027874564459930314 
0 0.0880281690140845 0.7177700348432056 0.02112676056338028 0.03832752613240418 
2 0.13204225352112675 0.681184668989547 0.02112676056338028 0.01916376306620209 
0 0.0880281690140845 0.8797909407665505 0.02112676056338028 0.03832752613240418 
0 0.0880281690140845 0.9512195121951219 0.02112676056338028 0.03832752613240418 
5 0.08450704225352113 0.5418118466898955 0.06338028169014084 0.0627177700348432 
5 0.4894366197183099 0.22473867595818817 0.06690140845070422 0.0627177700348432 
4 0.32922535211267606 0.3867595818815331 0.045774647887323945 0.012195121951219513 
