5 0.3717532467532468 0.9560439560439561 0.1185064935064935 0.1130298273155416 
5 0.6623376623376623 0.6923076923076923 0.11688311688311688 0.11459968602825746 
5 0.939935064935065 0.6357927786499215 0.12012987012987013 0.11459968602825746 
0 0.823051948051948 0.9419152276295133 0.03896103896103896 0.0706436420722135 
0 0.762987012987013 0.8681318681318682 0.07142857142857142 0.03610675039246468 
0 0.17694805194805194 0.8383045525902669 0.03896103896103896 0.06593406593406594 
0 0.25 0.728414442700157 0.07142857142857142 0.03767660910518053 
0 0.3425324675324675 0.7268445839874411 0.07142857142857142 0.04081632653061224 
0 0.18019480519480519 0.6467817896389325 0.03896103896103896 0.06907378335949764 
0 0.2597402597402597 0.5478806907378336 0.03896103896103896 0.06907378335949764 
0 0.3392857142857143 0.48665620094191525 0.0698051948051948 0.03610675039246468 
2 0.18019480519480519 0.5682888540031397 0.03571428571428571 0.03767660910518053 
2 0.4253246753246753 0.48665620094191525 0.03896103896103896 0.03610675039246468 
5 0.0698051948051948 0.4050235478806907 0.12175324675324675 0.11145996860282574 
