0 0.7264 0.6193447737909517 0.0192 0.0343213728549142 
0 0.7632 0.6193447737909517 0.0192 0.0343213728549142 
3 0.7264 0.6677067082683308 0.0208 0.0343213728549142 
0 0.7632 0.6677067082683308 0.0224 0.0358814352574103 
3 0.7632 0.8330733229329174 0.0192 0.0327613104524181 
0 0.7312 0.8954758190327613 0.0352 0.0187207488299532 
5 0.808 0.8845553822152886 0.0576 0.056162246489859596 
5 0.928 0.8829953198127926 0.0608 0.057722308892355696 
1 0.8768 0.8361934477379095 0.0352 0.0265210608424337 
2 0.7632 0.9984399375975039 0.0192 0.0187207488299532 
0 0.648 0.062402496099843996 0.0192 0.0343213728549142 
0 0.648 0.11856474258970359 0.0192 0.0343213728549142 
