0 0.32796780684104626 0.5654885654885655 0.07243460764587525 0.13513513513513514 
0 0.8008048289738431 0.0498960498960499 0.06841046277665996 0.13721413721413722 
0 0.6519114688128773 0.3492723492723493 0.06841046277665996 0.13721413721413722 
0 0.7806841046277666 0.47193347193347196 0.13279678068410464 0.07276507276507277 
0 0.9557344064386318 0.47401247401247404 0.13279678068410464 0.07276507276507277 
0 0.6498993963782697 0.6257796257796258 0.07243460764587525 0.13721413721413722 
0 0.3299798792756539 0.7442827442827443 0.06237424547283702 0.13721413721413722 
2 0.6498993963782697 0.19126819126819128 0.07243460764587525 0.07276507276507277 
4 0.04225352112676056 0.4074844074844075 0.1529175050301811 0.04365904365904366 
5 0.32193158953722334 0.3284823284823285 0.21730382293762576 0.22661122661122662 
