0 0.1484375 0.654296875 0.021484375 0.04296875 
0 0.1484375 0.71875 0.0234375 0.044921875 
5 0.09375 0.552734375 0.0703125 0.072265625 
1 0.009765625 0.4921875 0.044921875 0.033203125 
3 0.150390625 0.48828125 0.0234375 0.04296875 
0 0.1875 0.390625 0.044921875 0.0234375 
2 0.146484375 0.279296875 0.0234375 0.0234375 
0 0.09765625 0.248046875 0.0234375 0.041015625 
5 0.25 0.78125 0.0703125 0.0703125 
5 0.744140625 0.208984375 0.0703125 0.0703125 
5 0.857421875 0.236328125 0.072265625 0.0703125 
5 0.5390625 0.0390625 0.07421875 0.0703125 
5 0.234375 0.03515625 0.0703125 0.0703125 
0 0.09765625 0.06640625 0.0234375 0.04296875 
0 0.744140625 0.279296875 0.0234375 0.04296875 
