2 0.576171875 0.6875 0.0234375 0.0234375 
0 0.71875 0.615234375 0.0234375 0.04296875 
0 0.865234375 0.634765625 0.0234375 0.041015625 
0 0.865234375 0.75 0.0234375 0.04296875 
0 0.865234375 0.828125 0.0234375 0.04296875 
0 0.865234375 0.943359375 0.0234375 0.04296875 
5 0.865234375 0.541015625 0.0703125 0.072265625 
5 0.244140625 0.208984375 0.0703125 0.0703125 
5 0.357421875 0.236328125 0.072265625 0.0703125 
5 0.0390625 0.0390625 0.07421875 0.0703125 
0 0.244140625 0.279296875 0.0234375 0.04296875 
