2 0.6497797356828194 0.7981859410430839 0.02643171806167401 0.027210884353741496 
0 0.8105726872246696 0.7142857142857143 0.02643171806167401 0.049886621315192746 
0 0.9757709251101322 0.7369614512471655 0.02643171806167401 0.047619047619047616 
0 0.9757709251101322 0.8707482993197279 0.02643171806167401 0.049886621315192746 
0 0.9757709251101322 0.9614512471655329 0.02643171806167401 0.049886621315192746 
5 0.9757709251101322 0.6281179138321995 0.07929515418502203 0.08390022675736962 
5 0.2753303964757709 0.24263038548752835 0.07929515418502203 0.08163265306122448 
5 0.40308370044052866 0.2743764172335601 0.08149779735682819 0.08163265306122448 
5 0.04405286343612335 0.045351473922902494 0.08370044052863436 0.08163265306122448 
0 0.2753303964757709 0.3242630385487528 0.02643171806167401 0.049886621315192746 
