5 0.5301794453507341 0.6736672051696284 0.11745513866231648 0.11631663974151858 
5 0.3735725938009788 0.5702746365105008 0.11908646003262642 0.11631663974151858 
5 0.99836867862969 0.6348949919224556 0.12234910277324633 0.11793214862681745 
5 0.6655791190864601 0.2988691437802908 0.11745513866231648 0.11793214862681745 
5 0.9445350734094616 0.2407108239095315 0.12071778140293637 0.11793214862681745 
0 0.8270799347471451 0.555735056542811 0.03915171288743882 0.07269789983844911 
0 0.766721044045677 0.4798061389337641 0.07177814029363784 0.03715670436187399 
0 0.19575856443719414 0.8610662358642972 0.037520391517128875 0.06946688206785137 
0 0.3735725938009788 0.6978998384491115 0.03915171288743882 0.07108239095315025 
0 0.08156606851549755 0.715670436187399 0.03915171288743882 0.07108239095315025 
0 0.17781402936378465 0.4491114701130856 0.03915171288743882 0.06785137318255251 
0 0.25122349102773245 0.3360258481421648 0.07177814029363784 0.03877221324717286 
0 0.3442088091353997 0.3344103392568659 0.07177814029363784 0.0420032310177706 
0 0.18107667210440456 0.2520193861066236 0.03915171288743882 0.07108239095315025 
0 0.26101141924959215 0.15024232633279483 0.03915171288743882 0.07108239095315025 
0 0.34094616639477976 0.08723747980613894 0.0701468189233279 0.03715670436187399 
2 0.18107667210440456 0.17124394184168013 0.03588907014681892 0.03877221324717286 
2 0.4274061990212072 0.08723747980613894 0.03915171288743882 0.03715670436187399 
5 0.0701468189233279 0.0032310177705977385 0.12234910277324633 0.1147011308562197 
