5 0.0703125 0.59765625 0.07421875 0.0703125 
2 0.021484375 0.826171875 0.0234375 0.0234375 
2 0.189453125 0.826171875 0.0234375 0.0234375 
0 0.0078125 0.91015625 0.04296875 0.0234375 
0 0.6484375 0.654296875 0.021484375 0.04296875 
0 0.6484375 0.71875 0.0234375 0.044921875 
5 0.59375 0.552734375 0.0703125 0.072265625 
5 0.451171875 0.552734375 0.0703125 0.072265625 
1 0.509765625 0.4921875 0.044921875 0.033203125 
3 0.650390625 0.48828125 0.0234375 0.04296875 
0 0.6875 0.390625 0.044921875 0.0234375 
2 0.646484375 0.279296875 0.0234375 0.0234375 
0 0.59765625 0.248046875 0.0234375 0.041015625 
5 0.75 0.78125 0.0703125 0.0703125 
5 0.734375 0.03515625 0.0703125 0.0703125 
0 0.59765625 0.06640625 0.0234375 0.04296875 
