5 0.08955223880597014 0.7593052109181141 0.0945273631840796 0.08933002481389578 
0 0.8258706467661692 0.8312655086848635 0.02736318407960199 0.05459057071960298 
0 0.8258706467661692 0.913151364764268 0.029850746268656716 0.05707196029776675 
5 0.7562189054726368 0.7022332506203474 0.08955223880597014 0.09181141439205956 
5 0.5746268656716418 0.7022332506203474 0.08955223880597014 0.09181141439205956 
1 0.6492537313432836 0.6253101736972705 0.05721393034825871 0.04218362282878412 
3 0.8283582089552238 0.6203473945409429 0.029850746268656716 0.05459057071960298 
0 0.8756218905472637 0.49627791563275436 0.05721393034825871 0.02977667493796526 
2 0.8233830845771144 0.3548387096774194 0.029850746268656716 0.02977667493796526 
0 0.7611940298507462 0.315136476426799 0.029850746268656716 0.052109181141439205 
5 0.9552238805970149 0.9925558312655087 0.08955223880597014 0.08933002481389578 
5 0.9353233830845771 0.04466501240694789 0.08955223880597014 0.08933002481389578 
0 0.7611940298507462 0.08436724565756824 0.029850746268656716 0.05459057071960298 
