0 0.7442622950819672 0.23817567567567569 0.019672131147540985 0.037162162162162164 
0 0.7819672131147541 0.23817567567567569 0.019672131147540985 0.037162162162162164 
3 0.7442622950819672 0.2905405405405405 0.021311475409836064 0.037162162162162164 
0 0.7819672131147541 0.2905405405405405 0.022950819672131147 0.03885135135135135 
3 0.7819672131147541 0.46959459459459457 0.019672131147540985 0.03547297297297297 
0 0.7491803278688525 0.5371621621621622 0.036065573770491806 0.02027027027027027 
5 0.8278688524590164 0.5253378378378378 0.05901639344262295 0.060810810810810814 
5 0.9508196721311475 0.5236486486486487 0.06229508196721312 0.0625 
1 0.898360655737705 0.47297297297297297 0.036065573770491806 0.028716216216216218 
2 0.7819672131147541 0.6486486486486487 0.019672131147540985 0.02027027027027027 
0 0.739344262295082 0.6959459459459459 0.019672131147540985 0.037162162162162164 
0 0.739344262295082 0.8530405405405406 0.022950819672131147 0.037162162162162164 
0 0.6114754098360655 0.8057432432432432 0.019672131147540985 0.037162162162162164 
0 0.6114754098360655 0.8530405405405406 0.021311475409836064 0.037162162162162164 
0 0.739344262295082 0.9222972972972973 0.021311475409836064 0.037162162162162164 
5 0.8557377049180328 0.8952702702702703 0.05901639344262295 0.060810810810810814 
