5 0.8026819923371648 0.6673267326732674 0.06896551724137931 0.07128712871287128 
5 0.710727969348659 0.6039603960396039 0.07088122605363985 0.07128712871287128 
5 0.4521072796934866 0.41188118811881186 0.07088122605363985 0.07128712871287128 
5 0.8812260536398467 0.43564356435643564 0.06896551724137931 0.07128712871287128 
0 0.9770114942528736 0.594059405940594 0.022988505747126436 0.04554455445544554 
0 0.9406130268199234 0.5465346534653466 0.0421455938697318 0.023762376237623763 
0 0.6053639846743295 0.7821782178217822 0.022988505747126436 0.04356435643564356 
0 0.710727969348659 0.6811881188118812 0.022988505747126436 0.04356435643564356 
0 0.5383141762452107 0.693069306930693 0.022988505747126436 0.04356435643564356 
0 0.5957854406130269 0.5287128712871287 0.022988505747126436 0.041584158415841586 
0 0.4521072796934866 0.48316831683168315 0.022988505747126436 0.04356435643564356 
0 0.4521072796934866 0.5405940594059406 0.022988505747126436 0.04356435643564356 
0 0.3390804597701149 0.46534653465346537 0.022988505747126436 0.04356435643564356 
0 0.6379310344827587 0.4594059405940594 0.0421455938697318 0.023762376237623763 
0 0.6934865900383141 0.4594059405940594 0.0421455938697318 0.02574257425742574 
0 0.5977011494252874 0.4079207920792079 0.022988505747126436 0.04356435643564356 
0 0.6436781609195402 0.3445544554455445 0.022988505747126436 0.04356435643564356 
0 0.6915708812260536 0.3069306930693069 0.0421455938697318 0.023762376237623763 
0 0.37547892720306514 0.27524752475247527 0.040229885057471264 0.023762376237623763 
0 0.43103448275862066 0.27722772277227725 0.0421455938697318 0.023762376237623763 
3 0.3390804597701149 0.17425742574257425 0.022988505747126436 0.04356435643564356 
2 0.5977011494252874 0.3584158415841584 0.0210727969348659 0.023762376237623763 
2 0.7413793103448276 0.3069306930693069 0.022988505747126436 0.023762376237623763 
0 0.1417624521072797 0.27920792079207923 0.0210727969348659 0.04356435643564356 
0 0.10153256704980843 0.27920792079207923 0.022988505747126436 0.04356435643564356 
0 0.14559386973180077 0.3405940594059406 0.0210727969348659 0.04356435643564356 
3 0.10153256704980843 0.3405940594059406 0.022988505747126436 0.04356435643564356 
3 0.14559386973180077 0.5504950495049505 0.022988505747126436 0.041584158415841586 
0 0.18199233716475097 0.6297029702970297 0.0421455938697318 0.019801980198019802 
1 0.009578544061302681 0.5564356435643565 0.0421455938697318 0.031683168316831684 
0 0.09578544061302682 0.8158415841584158 0.022988505747126436 0.04356435643564356 
2 0.14367816091954022 0.7742574257425743 0.022988505747126436 0.02178217821782178 
5 0.09195402298850575 0.6158415841584158 0.06896551724137931 0.07128712871287128 
5 0.5325670498084292 0.25544554455445545 0.07279693486590039 0.07128712871287128 
4 0.35823754789272033 0.4396039603960396 0.04980842911877394 0.013861386138613862 
