5 0.24156305506216696 0.6308492201039861 0.13321492007104796 0.12824956672443674 
1 0.1261101243339254 0.5268630849220104 0.07815275310834814 0.05719237435008666 
0 0.7992895204262878 0.462738301559792 0.04262877442273535 0.07452339688041594 
0 0.6571936056838366 0.060658578856152515 0.07815275310834814 0.03986135181975736 
0 0.7495559502664298 0.06239168110918544 0.0763765541740675 0.038128249566724434 
0 0.9893428063943162 0.341421143847487 0.04085257548845471 0.07625649913344887 
0 0.9893428063943162 0.49566724436741766 0.04262877442273535 0.07625649913344887 
0 0.7992895204262878 0.561525129982669 0.037300177619893425 0.07625649913344887 
0 0.6003552397868561 0.42114384748700173 0.04262877442273535 0.07452339688041594 
2 0.9893428063943162 0.25476603119584057 0.04262877442273535 0.03986135181975736 
4 0.6305506216696269 0.37435008665511266 0.0905861456483126 0.024263431542461005 
5 0.7957371225577264 0.3310225303292894 0.12788632326820604 0.1265164644714038 
5 0.8809946714031972 0.01559792027729636 0.12788632326820604 0.12305025996533796 
