5 0.48459958932238195 0.9768421052631578 0.07597535934291581 0.07578947368421053 
0 0.6406570841889117 0.9726315789473684 0.024640657084188913 0.04631578947368421 
0 0.6899383983572895 0.9052631578947369 0.024640657084188913 0.04631578947368421 
0 0.7412731006160165 0.8652631578947368 0.045174537987679675 0.02526315789473684 
0 0.4024640657084189 0.8315789473684211 0.043121149897330596 0.02526315789473684 
0 0.4620123203285421 0.8336842105263158 0.045174537987679675 0.02526315789473684 
3 0.36344969199178645 0.7242105263157895 0.024640657084188913 0.04631578947368421 
2 0.6406570841889117 0.92 0.022587268993839837 0.02526315789473684 
2 0.7946611909650924 0.8652631578947368 0.024640657084188913 0.02526315789473684 
0 0.15195071868583163 0.8357894736842105 0.022587268993839837 0.04631578947368421 
0 0.10882956878850103 0.8357894736842105 0.024640657084188913 0.04631578947368421 
0 0.15605749486652978 0.9010526315789473 0.022587268993839837 0.04631578947368421 
3 0.10882956878850103 0.9010526315789473 0.024640657084188913 0.04631578947368421 
5 0.5708418891170431 0.8105263157894737 0.07802874743326489 0.07578947368421053 
