1 0.8743718592964824 0.4967532467532468 0.07370184254606366 0.05194805194805195 
0 0.23953098827470687 0.10227272727272728 0.07370184254606366 0.037337662337662336 
0 0.15912897822445563 0.16396103896103897 0.038525963149078725 0.07142857142857142 
0 0.07537688442211055 0.3198051948051948 0.038525963149078725 0.07142857142857142 
0 0.1474036850921273 0.38311688311688313 0.07370184254606366 0.037337662337662336 
0 0.24455611390284757 0.3847402597402597 0.07370184254606366 0.037337662337662336 
0 0.07537688442211055 0.4642857142857143 0.04020100502512563 0.07142857142857142 
2 0.07537688442211055 0.23863636363636365 0.04020100502512563 0.037337662337662336 
2 0.3316582914572864 0.10227272727272728 0.04020100502512563 0.037337662337662336 
5 0.7721943048576214 0.5957792207792207 0.12060301507537688 0.11525974025974026 
