5 0.985172981878089 0.6391096979332274 0.17957166392092258 0.17170111287758347 
5 0.3212520593080725 0.17647058823529413 0.17957166392092258 0.17170111287758347 
0 0.9868204283360791 0.8267090620031796 0.05930807248764415 0.10492845786963434 
0 0.5453047775947282 0.8537360890302067 0.05930807248764415 0.10492845786963434 
0 0.6902800658978583 0.4594594594594595 0.05930807248764415 0.10015898251192369 
0 0.3228995057660626 0.35135135135135137 0.05930807248764415 0.10333863275039745 
0 0.31960461285008235 0.4864864864864865 0.05930807248764415 0.10333863275039745 
0 0.03130148270181219 0.3068362480127186 0.05930807248764415 0.10492845786963434 
0 0.8023064250411862 0.29252782193958665 0.10873146622734761 0.057233704292527825 
0 0.942339373970346 0.29093799682034976 0.10873146622734761 0.06200317965023847 
0 0.6952224052718287 0.1685214626391097 0.05930807248764415 0.10492845786963434 
0 0.8171334431630972 0.017488076311605722 0.05930807248764415 0.10492845786963434 
2 0.6952224052718287 0.0492845786963434 0.054365733113673806 0.057233704292527825 
4 0.07907742998352553 0.24483306836248012 0.12520593080724876 0.033386327503974564 
