5 0.818359375 0.658203125 0.0703125 0.0703125 
5 0.724609375 0.595703125 0.072265625 0.0703125 
5 0.4609375 0.40625 0.072265625 0.0703125 
5 0.8984375 0.4296875 0.0703125 0.0703125 
0 0.99609375 0.5859375 0.0234375 0.044921875 
0 0.958984375 0.5390625 0.04296875 0.0234375 
0 0.6171875 0.771484375 0.0234375 0.04296875 
0 0.724609375 0.671875 0.0234375 0.04296875 
0 0.548828125 0.68359375 0.0234375 0.04296875 
0 0.607421875 0.521484375 0.0234375 0.041015625 
0 0.4609375 0.4765625 0.0234375 0.04296875 
0 0.4609375 0.533203125 0.0234375 0.04296875 
0 0.345703125 0.458984375 0.0234375 0.04296875 
0 0.650390625 0.453125 0.04296875 0.0234375 
0 0.70703125 0.453125 0.04296875 0.025390625 
0 0.609375 0.40234375 0.0234375 0.04296875 
0 0.65625 0.33984375 0.0234375 0.04296875 
0 0.705078125 0.302734375 0.04296875 0.0234375 
0 0.3828125 0.271484375 0.041015625 0.0234375 
0 0.439453125 0.2734375 0.04296875 0.0234375 
3 0.345703125 0.171875 0.0234375 0.04296875 
2 0.609375 0.353515625 0.021484375 0.0234375 
2 0.755859375 0.302734375 0.0234375 0.0234375 
0 0.14453125 0.275390625 0.021484375 0.04296875 
0 0.103515625 0.275390625 0.0234375 0.04296875 
0 0.1484375 0.3359375 0.021484375 0.04296875 
3 0.103515625 0.3359375 0.0234375 0.04296875 
3 0.1484375 0.54296875 0.0234375 0.041015625 
0 0.185546875 0.62109375 0.04296875 0.01953125 
1 0.009765625 0.548828125 0.04296875 0.03125 
0 0.09765625 0.8046875 0.0234375 0.04296875 
2 0.146484375 0.763671875 0.0234375 0.021484375 
0 0.09765625 0.986328125 0.0234375 0.04296875 
5 0.09375 0.607421875 0.0703125 0.0703125 
5 0.54296875 0.251953125 0.07421875 0.0703125 
4 0.365234375 0.43359375 0.05078125 0.013671875 
