5 0.01953125 0.03515625 0.0703125 0.0703125 
5 0.3203125 0.0390625 0.07421875 0.0703125 
1 0.068359375 0.4921875 0.04296875 0.03515625 
5 0.12890625 0.552734375 0.0703125 0.072265625 
5 0.033203125 0.765625 0.07421875 0.0703125 
5 0.017578125 0.91015625 0.07421875 0.07421875 
5 0.455078125 0.572265625 0.07421875 0.0703125 
5 0.5703125 0.59765625 0.07421875 0.0703125 
0 0.45703125 0.646484375 0.025390625 0.04296875 
2 0.521484375 0.826171875 0.0234375 0.0234375 
2 0.689453125 0.826171875 0.0234375 0.0234375 
0 0.435546875 0.912109375 0.04296875 0.0234375 
0 0.5078125 0.91015625 0.04296875 0.0234375 
5 0.951171875 0.552734375 0.0703125 0.072265625 
