0 0.8762376237623762 0.544529262086514 0.0594059405940594 0.11195928753180662 
0 0.9702970297029703 0.05597964376590331 0.10396039603960396 0.058524173027989825 
0 0.3688118811881188 0.06361323155216285 0.05198019801980198 0.11195928753180662 
0 0.2623762376237624 0.06361323155216285 0.0594059405940594 0.11195928753180662 
0 0.37623762376237624 0.22391857506361323 0.05198019801980198 0.11195928753180662 
3 0.2623762376237624 0.22391857506361323 0.0594059405940594 0.11195928753180662 
3 0.37623762376237624 0.7608142493638677 0.05693069306930693 0.10687022900763359 
0 0.47029702970297027 0.9669211195928753 0.10891089108910891 0.05343511450381679 
1 0.024752475247524754 0.7786259541984732 0.10891089108910891 0.08142493638676845 
5 0.2400990099009901 0.9338422391857506 0.17574257425742573 0.1806615776081425 
4 0.9257425742574258 0.47837150127226463 0.12623762376237624 0.035623409669211195 
