5 0.09326424870466321 0.13812154696132597 0.09844559585492228 0.09944751381215469 
2 0.02849740932642487 0.4613259668508287 0.031088082901554404 0.03314917127071823 
2 0.25129533678756477 0.4613259668508287 0.031088082901554404 0.03314917127071823 
0 0.010362694300518135 0.580110497237569 0.05699481865284974 0.03314917127071823 
5 0.0025906735751295338 0.8204419889502762 0.09844559585492228 0.09944751381215469 
0 0.8601036269430051 0.21823204419889503 0.02849740932642487 0.06077348066298342 
0 0.8601036269430051 0.30939226519337015 0.031088082901554404 0.06353591160220995 
5 0.7875647668393783 0.07458563535911603 0.09326424870466321 0.10220994475138122 
5 0.5984455958549223 0.07458563535911603 0.09326424870466321 0.10220994475138122 
5 0.9948186528497409 0.39779005524861877 0.09326424870466321 0.09944751381215469 
