0 0.38671875 0.275390625 0.0234375 0.04296875 
0 0.431640625 0.275390625 0.0234375 0.04296875 
3 0.38671875 0.3359375 0.025390625 0.04296875 
0 0.431640625 0.3359375 0.02734375 0.044921875 
3 0.431640625 0.54296875 0.0234375 0.041015625 
0 0.392578125 0.62109375 0.04296875 0.0234375 
5 0.486328125 0.607421875 0.0703125 0.0703125 
5 0.6328125 0.60546875 0.07421875 0.072265625 
1 0.5703125 0.546875 0.04296875 0.033203125 
2 0.431640625 0.75 0.0234375 0.0234375 
0 0.380859375 0.8046875 0.0234375 0.04296875 
0 0.380859375 0.986328125 0.02734375 0.04296875 
0 0.228515625 0.931640625 0.0234375 0.04296875 
0 0.228515625 0.986328125 0.025390625 0.04296875 
0 0.939453125 0.509765625 0.0234375 0.04296875 
0 0.84765625 0.005859375 0.0234375 0.041015625 
0 0.861328125 0.283203125 0.04296875 0.0234375 
0 0.912109375 0.28515625 0.04296875 0.021484375 
3 0.830078125 0.19921875 0.0234375 0.04296875 
0 0.939453125 0.56640625 0.021484375 0.04296875 
0 0.830078125 0.48828125 0.0234375 0.04296875 
4 0.84765625 0.4609375 0.05078125 0.013671875 
5 0.9375 0.435546875 0.0703125 0.0703125 
5 0.984375 0.2578125 0.0703125 0.0703125 
