2 0.8446601941747572 0.4526813880126183 0.019417475728155338 0.01892744479495268 
2 0.9854368932038835 0.45425867507886436 0.019417475728155338 0.01892744479495268 
0 0.24110032362459546 0.4668769716088328 0.019417475728155338 0.03470031545741325 
0 0.24110032362459546 0.5236593059936908 0.019417475728155338 0.03470031545741325 
0 0.6456310679611651 0.7413249211356467 0.019417475728155338 0.03470031545741325 
5 0.7475728155339806 0.6813880126182965 0.05825242718446602 0.056782334384858045 
5 0.8187702265372169 0.7160883280757098 0.05825242718446602 0.056782334384858045 
5 0.9288025889967637 0.6277602523659306 0.05825242718446602 0.056782334384858045 
0 0.9773462783171522 0.6892744479495269 0.03398058252427184 0.01892744479495268 
0 0.7475728155339806 0.7365930599369085 0.019417475728155338 0.03470031545741325 
0 0.7022653721682848 0.8123028391167192 0.019417475728155338 0.033123028391167195 
3 0.6877022653721683 0.9684542586750788 0.019417475728155338 0.03470031545741325 
