0 0.88671875 0.275390625 0.0234375 0.04296875 
0 0.931640625 0.275390625 0.0234375 0.04296875 
3 0.88671875 0.3359375 0.025390625 0.04296875 
0 0.931640625 0.3359375 0.02734375 0.044921875 
3 0.931640625 0.54296875 0.0234375 0.041015625 
0 0.892578125 0.62109375 0.04296875 0.0234375 
5 0.986328125 0.607421875 0.0703125 0.0703125 
2 0.931640625 0.75 0.0234375 0.0234375 
0 0.880859375 0.8046875 0.0234375 0.04296875 
0 0.880859375 0.986328125 0.02734375 0.04296875 
0 0.728515625 0.931640625 0.0234375 0.04296875 
0 0.728515625 0.986328125 0.025390625 0.04296875 
