5 0.380859375 0.716796875 0.212890625 0.2109375 
0 0.3828125 0.931640625 0.0703125 0.126953125 
0 0.037109375 0.876953125 0.0703125 0.12890625 
0 0.951171875 0.859375 0.12890625 0.0703125 
0 0.82421875 0.70703125 0.0703125 0.12890625 
0 0.96875 0.521484375 0.0703125 0.12890625 
0 0.1484375 0.3125 0.123046875 0.068359375 
0 0.318359375 0.318359375 0.12890625 0.068359375 
3 0.037109375 0.013671875 0.0703125 0.12890625 
2 0.82421875 0.560546875 0.064453125 0.0703125 
5 0.623046875 0.25390625 0.21875 0.208984375 
4 0.09375 0.80078125 0.1484375 0.041015625 
