3 0.931640625 0.04296875 0.0234375 0.041015625 
0 0.892578125 0.12109375 0.04296875 0.0234375 
5 0.986328125 0.107421875 0.0703125 0.0703125 
2 0.931640625 0.25 0.0234375 0.0234375 
0 0.880859375 0.3046875 0.0234375 0.04296875 
0 0.880859375 0.486328125 0.02734375 0.04296875 
0 0.728515625 0.431640625 0.0234375 0.04296875 
0 0.728515625 0.486328125 0.025390625 0.04296875 
0 0.880859375 0.56640625 0.025390625 0.04296875 
0 0.880859375 0.748046875 0.0234375 0.041015625 
2 0.931640625 0.76953125 0.0234375 0.021484375 
3 0.931640625 0.98828125 0.02734375 0.04296875 
0 0.892578125 0.890625 0.04296875 0.0234375 
