2 0.5876494023904383 0.7257731958762886 0.02390438247011952 0.024742268041237112 
0 0.7330677290836654 0.6494845360824743 0.02390438247011952 0.04536082474226804 
0 0.8824701195219123 0.6701030927835051 0.02390438247011952 0.04329896907216495 
0 0.8824701195219123 0.7917525773195876 0.02390438247011952 0.04536082474226804 
0 0.8824701195219123 0.8742268041237113 0.02390438247011952 0.04536082474226804 
0 0.8824701195219123 0.9958762886597938 0.02390438247011952 0.04536082474226804 
5 0.8824701195219123 0.5711340206185567 0.07171314741035857 0.07628865979381444 
5 0.24900398406374502 0.22061855670103092 0.07171314741035857 0.07422680412371134 
5 0.3645418326693227 0.24948453608247423 0.07370517928286853 0.07422680412371134 
5 0.0398406374501992 0.041237113402061855 0.07569721115537849 0.07422680412371134 
0 0.24900398406374502 0.2948453608247423 0.02390438247011952 0.04536082474226804 
