0 0.380859375 0.06640625 0.025390625 0.04296875 
0 0.380859375 0.248046875 0.0234375 0.041015625 
2 0.431640625 0.26953125 0.0234375 0.021484375 
5 0.51953125 0.03515625 0.0703125 0.0703125 
5 0.8203125 0.0390625 0.07421875 0.0703125 
3 0.431640625 0.48828125 0.02734375 0.04296875 
0 0.392578125 0.390625 0.04296875 0.0234375 
1 0.568359375 0.4921875 0.04296875 0.03515625 
5 0.484375 0.552734375 0.0703125 0.072265625 
5 0.62890625 0.552734375 0.0703125 0.072265625 
0 0.431640625 0.609375 0.0234375 0.04296875 
0 0.431640625 0.669921875 0.0234375 0.04296875 
5 0.533203125 0.765625 0.07421875 0.0703125 
5 0.517578125 0.91015625 0.07421875 0.07421875 
5 0.955078125 0.572265625 0.07421875 0.0703125 
0 0.95703125 0.646484375 0.025390625 0.04296875 
0 0.935546875 0.912109375 0.04296875 0.0234375 
