2 0.4618055555555556 0.4831649831649832 0.020833333333333332 0.020202020202020204 
2 0.6128472222222222 0.48484848484848486 0.020833333333333332 0.020202020202020204 
0 0.2482638888888889 0.7912457912457912 0.020833333333333332 0.037037037037037035 
5 0.3576388888888889 0.7272727272727273 0.0625 0.06060606060606061 
5 0.4340277777777778 0.7643097643097643 0.0625 0.06060606060606061 
5 0.5520833333333334 0.67003367003367 0.0625 0.06060606060606061 
5 0.6996527777777778 0.6397306397306397 0.0625 0.06060606060606061 
5 0.7569444444444444 0.7457912457912458 0.0625 0.06060606060606061 
0 0.6041666666666666 0.7356902356902357 0.036458333333333336 0.020202020202020204 
0 0.6336805555555556 0.7845117845117845 0.020833333333333332 0.03535353535353535 
0 0.3576388888888889 0.7861952861952862 0.020833333333333332 0.037037037037037035 
0 0.3090277777777778 0.867003367003367 0.020833333333333332 0.03535353535353535 
