5 0.033112582781456956 0.8594507269789984 0.06291390728476821 0.05815831987075929 
5 0.26986754966887416 0.5444264943457189 0.059602649006622516 0.05815831987075929 
5 0.19039735099337748 0.4927302100161551 0.061258278145695365 0.05815831987075929 
5 0.5066225165562914 0.5250403877221325 0.06291390728476821 0.05815831987075929 
5 0.33774834437086093 0.3554119547657512 0.059602649006622516 0.05815831987075929 
5 0.48013245033112584 0.3263327948303716 0.061258278145695365 0.05815831987075929 
0 0.4205298013245033 0.48465266558966075 0.019867549668874173 0.03715670436187399 
0 0.3890728476821192 0.4458804523424879 0.03642384105960265 0.01938610662358643 
0 0.09933774834437085 0.6381260096930533 0.019867549668874173 0.035541195476575124 
0 0.19039735099337748 0.555735056542811 0.019867549668874173 0.035541195476575124 
0 0.041390728476821195 0.5654281098546042 0.019867549668874173 0.035541195476575124 
0 0.09105960264900662 0.43134087237479807 0.019867549668874173 0.033925686591276254 
0 0.12748344370860928 0.37479806138933763 0.03642384105960265 0.01938610662358643 
0 0.17549668874172186 0.37479806138933763 0.03642384105960265 0.0210016155088853 
0 0.09271523178807947 0.33279483037156704 0.019867549668874173 0.035541195476575124 
0 0.13245033112582782 0.28109854604200324 0.019867549668874173 0.035541195476575124 
0 0.173841059602649 0.25040387722132473 0.03642384105960265 0.01938610662358643 
2 0.09271523178807947 0.2924071082390953 0.018211920529801324 0.01938610662358643 
2 0.21688741721854304 0.25040387722132473 0.019867549668874173 0.01938610662358643 
5 0.03642384105960265 0.2084006462035541 0.06291390728476821 0.05815831987075929 
