5 0.1712846347607053 0.7654320987654321 0.09571788413098237 0.09135802469135802 
1 0.0906801007556675 0.691358024691358 0.055415617128463476 0.04197530864197531 
0 0.5667506297229219 0.6444444444444445 0.030226700251889168 0.05432098765432099 
0 0.44836272040302266 0.007407407407407408 0.030226700251889168 0.05185185185185185 
0 0.4659949622166247 0.35802469135802467 0.055415617128463476 0.02962962962962963 
0 0.5314861460957179 0.36049382716049383 0.055415617128463476 0.027160493827160494 
0 0.8261964735516373 0.3925925925925926 0.055415617128463476 0.02962962962962963 
0 0.7632241813602015 0.4419753086419753 0.030226700251889168 0.05432098765432099 
3 0.4256926952141058 0.2518518518518518 0.030226700251889168 0.05432098765432099 
0 0.7027707808564232 0.5604938271604938 0.030226700251889168 0.05432098765432099 
0 0.7556675062972292 0.6074074074074074 0.055415617128463476 0.02962962962962963 
0 0.8287153652392947 0.6098765432098765 0.055415617128463476 0.02962962962962963 
0 0.7027707808564232 0.6691358024691358 0.030226700251889168 0.05432098765432099 
0 0.5667506297229219 0.7160493827160493 0.027707808564231738 0.05432098765432099 
0 0.4256926952141058 0.6172839506172839 0.030226700251889168 0.05432098765432099 
2 0.7027707808564232 0.4962962962962963 0.030226700251889168 0.02962962962962963 
2 0.8942065491183879 0.3925925925925926 0.030226700251889168 0.02962962962962963 
4 0.44836272040302266 0.582716049382716 0.0654911838790932 0.01728395061728395 
5 0.5642317380352645 0.5506172839506173 0.0906801007556675 0.08888888888888889 
5 0.6246851385390428 0.32592592592592595 0.0906801007556675 0.08888888888888889 
