5 0.9704142011834319 0.943089430894309 0.07297830374753451 0.07317073170731707 
0 0.854043392504931 0.9979674796747967 0.023668639053254437 0.044715447154471545 
0 0.8915187376725838 0.8028455284552846 0.04142011834319527 0.024390243902439025 
0 0.9487179487179487 0.8048780487804879 0.04339250493096647 0.024390243902439025 
3 0.854043392504931 0.6991869918699187 0.023668639053254437 0.044715447154471545 
0 0.650887573964497 0.806910569105691 0.021696252465483234 0.044715447154471545 
0 0.6094674556213018 0.806910569105691 0.023668639053254437 0.044715447154471545 
0 0.6548323471400395 0.8699186991869918 0.021696252465483234 0.044715447154471545 
3 0.6094674556213018 0.8699186991869918 0.023668639053254437 0.044715447154471545 
2 0.01972386587771203 0.06300813008130081 0.023668639053254437 0.024390243902439025 
2 0.1913214990138067 0.06504065040650407 0.023668639053254437 0.024390243902439025 
5 0.1222879684418146 0.2886178861788618 0.07100591715976332 0.07317073170731707 
5 0.28994082840236685 0.25203252032520324 0.07100591715976332 0.07317073170731707 
5 0.35502958579881655 0.3800813008130081 0.07100591715976332 0.07317073170731707 
0 0.1814595660749507 0.3678861788617886 0.04142011834319527 0.024390243902439025 
0 0.21499013806706113 0.4268292682926829 0.023668639053254437 0.042682926829268296 
0 0.14201183431952663 0.8434959349593496 0.04339250493096647 0.024390243902439025 
0 0.09270216962524655 0.8841463414634146 0.023668639053254437 0.044715447154471545 
0 0.045364891518737675 0.9817073170731707 0.023668639053254437 0.044715447154471545 
2 0.045364891518737675 0.9288617886178862 0.023668639053254437 0.024390243902439025 
2 0.1952662721893491 0.8434959349593496 0.023668639053254437 0.024390243902439025 
4 0.873767258382643 0.9715447154471545 0.05128205128205128 0.014227642276422764 
