5 0.8915441176470589 0.6465201465201466 0.13419117647058823 0.13186813186813187 
5 0.39705882352941174 0.29120879120879123 0.13419117647058823 0.13186813186813187 
0 0.6911764705882353 0.9761904761904762 0.042279411764705885 0.07875457875457875 
0 0.8915441176470589 0.7912087912087912 0.04411764705882353 0.08058608058608059 
0 0.5625 0.8113553113553114 0.04411764705882353 0.08058608058608059 
0 0.6709558823529411 0.5091575091575091 0.04411764705882353 0.07692307692307693 
0 0.39705882352941174 0.4267399267399267 0.04411764705882353 0.07875457875457875 
0 0.3952205882352941 0.5311355311355311 0.04411764705882353 0.07875457875457875 
0 0.1801470588235294 0.39194139194139194 0.04411764705882353 0.08058608058608059 
0 0.7536764705882353 0.38095238095238093 0.08088235294117647 0.04395604395604396 
0 0.8584558823529411 0.3791208791208791 0.08088235294117647 0.047619047619047616 
0 0.6746323529411765 0.2857142857142857 0.04411764705882353 0.08058608058608059 
0 0.7647058823529411 0.17032967032967034 0.04411764705882353 0.08058608058608059 
0 0.8547794117647058 0.0989010989010989 0.07904411764705882 0.04212454212454213 
0 0.25 0.040293040293040296 0.07720588235294118 0.04212454212454213 
0 0.35661764705882354 0.04395604395604396 0.08088235294117647 0.04212454212454213 
2 0.6746323529411765 0.19413919413919414 0.04044117647058824 0.04395604395604396 
2 0.9522058823529411 0.0989010989010989 0.04411764705882353 0.04212454212454213 
5 0.5496323529411765 0.003663003663003663 0.13786764705882354 0.13003663003663005 
4 0.21691176470588236 0.3443223443223443 0.09375 0.02564102564102564 
