0 0.34946236559139787 0.06093189964157706 0.023297491039426525 0.03942652329749104 
0 0.34946236559139787 0.22759856630824374 0.021505376344086023 0.03763440860215054 
2 0.3960573476702509 0.24731182795698925 0.021505376344086023 0.01971326164874552 
5 0.4767025089605735 0.03225806451612903 0.06451612903225806 0.06451612903225806 
5 0.7526881720430108 0.035842293906810034 0.06810035842293907 0.06451612903225806 
3 0.3960573476702509 0.44802867383512546 0.025089605734767026 0.03942652329749104 
0 0.3602150537634409 0.35842293906810035 0.03942652329749104 0.021505376344086023 
1 0.521505376344086 0.45161290322580644 0.03942652329749104 0.03225806451612903 
5 0.4444444444444444 0.507168458781362 0.06451612903225806 0.06630824372759857 
5 0.5770609318996416 0.507168458781362 0.06451612903225806 0.06630824372759857 
0 0.3960573476702509 0.5591397849462365 0.021505376344086023 0.03942652329749104 
0 0.3960573476702509 0.6146953405017921 0.021505376344086023 0.03942652329749104 
5 0.489247311827957 0.7025089605734767 0.06810035842293907 0.06451612903225806 
5 0.47491039426523296 0.8351254480286738 0.06810035842293907 0.06810035842293907 
5 0.8763440860215054 0.525089605734767 0.06810035842293907 0.06451612903225806 
5 0.982078853046595 0.5483870967741935 0.06810035842293907 0.06451612903225806 
0 0.8781362007168458 0.5931899641577061 0.023297491039426525 0.03942652329749104 
2 0.9372759856630825 0.7580645161290323 0.021505376344086023 0.021505376344086023 
0 0.8584229390681004 0.8369175627240143 0.03942652329749104 0.021505376344086023 
0 0.9247311827956989 0.8351254480286738 0.03942652329749104 0.021505376344086023 
5 0.9193548387096774 0.9910394265232975 0.06810035842293907 0.06451612903225806 
