1 0.009140767824497258 0.9442379182156134 0.04204753199268738 0.031598513011152414 
3 0.14076782449725778 0.9405204460966543 0.021937842778793418 0.040892193308550186 
0 0.17550274223034734 0.8475836431226765 0.04204753199268738 0.022304832713754646 
2 0.13711151736745886 0.741635687732342 0.021937842778793418 0.022304832713754646 
0 0.09140767824497258 0.7118959107806692 0.021937842778793418 0.03903345724907063 
5 0.696526508226691 0.6747211895910781 0.06581352833638025 0.06691449814126393 
5 0.8025594149908593 0.7007434944237918 0.06764168190127971 0.06691449814126393 
5 0.5045703839122486 0.5130111524163569 0.06946983546617916 0.06691449814126393 
5 0.21937842778793418 0.5092936802973977 0.06581352833638025 0.06691449814126393 
5 0.7659963436928702 0.15055762081784388 0.06581352833638025 0.06691449814126393 
5 0.6782449725776966 0.09107806691449814 0.06764168190127971 0.06691449814126393 
0 0.9323583180987203 0.08178438661710037 0.021937842778793418 0.04275092936802974 
0 0.8976234003656307 0.03717472118959108 0.04021937842778794 0.022304832713754646 
0 0.5776965265082267 0.258364312267658 0.021937842778793418 0.040892193308550186 
0 0.6782449725776966 0.16356877323420074 0.021937842778793418 0.040892193308550186 
0 0.5137111517367459 0.17472118959107807 0.021937842778793418 0.040892193308550186 
0 0.5685557586837294 0.020446096654275093 0.021937842778793418 0.03903345724907063 
0 0.43144424131627057 0.031598513011152414 0.021937842778793418 0.040892193308550186 
3 0.13893967093235832 0.040892193308550186 0.021937842778793418 0.03903345724907063 
0 0.1736745886654479 0.11524163568773234 0.04021937842778794 0.01858736059479554 
1 0.009140767824497258 0.046468401486988845 0.04021937842778794 0.02973977695167286 
0 0.09140767824497258 0.2899628252788104 0.021937842778793418 0.040892193308550186 
2 0.13711151736745886 0.25092936802973975 0.021937842778793418 0.020446096654275093 
0 0.09140767824497258 0.4628252788104089 0.021937842778793418 0.040892193308550186 
0 0.09140767824497258 0.5390334572490706 0.021937842778793418 0.040892193308550186 
5 0.08775137111517367 0.10223048327137546 0.06581352833638025 0.06691449814126393 
0 0.696526508226691 0.741635687732342 0.021937842778793418 0.040892193308550186 
