0 0.6397415185783522 0.04377104377104377 0.03715670436187399 0.0723905723905724 
0 0.7140549273021002 0.04208754208754209 0.03877221324717286 0.07407407407407407 
3 0.6397415185783522 0.14983164983164984 0.04038772213247173 0.07407407407407407 
0 0.715670436187399 0.14983164983164984 0.04361873990306947 0.07912457912457913 
3 0.7124394184168013 0.5050505050505051 0.03877221324717286 0.0707070707070707 
0 0.6478190630048465 0.6414141414141414 0.07108239095315025 0.04040404040404041 
5 0.802907915993538 0.6161616161616161 0.11631663974151858 0.12121212121212122 
1 0.9418416801292407 0.5117845117845118 0.07108239095315025 0.05555555555555555 
2 0.7124394184168013 0.8602693602693603 0.03877221324717286 0.03872053872053872 
0 0.630048465266559 0.9562289562289562 0.03877221324717286 0.07407407407407407 
