5 0.41475826972010177 0.8618925831202046 0.0916030534351145 0.09207161125319693 
5 0.2926208651399491 0.7800511508951407 0.09414758269720101 0.09207161125319693 
5 0.7786259541984732 0.8312020460358056 0.09669211195928754 0.09207161125319693 
5 0.5190839694656488 0.5626598465473146 0.0916030534351145 0.09207161125319693 
5 0.7379134860050891 0.5166240409207161 0.09414758269720101 0.09207161125319693 
0 0.6463104325699746 0.7672634271099744 0.030534351145038167 0.058823529411764705 
0 0.5979643765903307 0.7058823529411765 0.05597964376590331 0.030690537084398978 
0 0.2926208651399491 0.8797953964194374 0.030534351145038167 0.056265984654731455 
0 0.06361323155216285 0.8951406649616368 0.030534351145038167 0.056265984654731455 
0 0.13994910941475827 0.6828644501278772 0.030534351145038167 0.05370843989769821 
0 0.19592875318066158 0.5933503836317136 0.05597964376590331 0.030690537084398978 
0 0.2697201017811705 0.5933503836317136 0.05597964376590331 0.03324808184143223 
0 0.14249363867684478 0.5268542199488491 0.030534351145038167 0.056265984654731455 
0 0.2035623409669211 0.44501278772378516 0.030534351145038167 0.056265984654731455 
0 0.26717557251908397 0.39641943734015345 0.05597964376590331 0.030690537084398978 
2 0.14249363867684478 0.4629156010230179 0.027989821882951654 0.030690537084398978 
2 0.3333333333333333 0.39641943734015345 0.030534351145038167 0.030690537084398978 
5 0.05597964376590331 0.329923273657289 0.09669211195928754 0.09207161125319693 
