0 0.2633279483037157 0.8627450980392157 0.05815831987075929 0.10620915032679738 
0 0.06946688206785137 0.29411764705882354 0.10662358642972536 0.05718954248366013 
0 0.1938610662358643 0.2973856209150327 0.10339256865912763 0.05392156862745098 
0 0.7592891760904685 0.3627450980392157 0.10662358642972536 0.05718954248366013 
0 0.6429725363489499 0.45751633986928103 0.05492730210016155 0.10784313725490197 
0 0.5234248788368336 0.6928104575163399 0.05492730210016155 0.10784313725490197 
0 0.6268174474959612 0.7892156862745098 0.10662358642972536 0.05718954248366013 
0 0.7673667205169629 0.7908496732026143 0.10662358642972536 0.05718954248366013 
0 0.5218093699515347 0.9101307189542484 0.05815831987075929 0.10784313725490197 
2 0.5218093699515347 0.5686274509803921 0.05815831987075929 0.05718954248366013 
2 0.8933764135702746 0.3627450980392157 0.05815831987075929 0.05718954248366013 
4 0.033925686591276254 0.738562091503268 0.12277867528271405 0.03431372549019608 
5 0.25848142164781907 0.6764705882352942 0.17447495961227788 0.1781045751633987 
5 0.37479806138933763 0.23039215686274508 0.17447495961227788 0.17483660130718953 
