0 0.34554973821989526 0.2469352014010508 0.020942408376963352 0.03852889667250438 
0 0.3856893542757417 0.2469352014010508 0.020942408376963352 0.03852889667250438 
3 0.34554973821989526 0.30122591943957966 0.02268760907504363 0.03852889667250438 
0 0.3856893542757417 0.30122591943957966 0.02443280977312391 0.040280210157618214 
3 0.3856893542757417 0.4868651488616462 0.020942408376963352 0.03677758318739054 
0 0.3507853403141361 0.5569176882661997 0.038394415357766144 0.021015761821366025 
5 0.43455497382198954 0.5446584938704028 0.06282722513089005 0.06304728546409807 
5 0.5654450261780105 0.542907180385289 0.06631762652705062 0.0647985989492119 
1 0.5095986038394416 0.4903677758318739 0.038394415357766144 0.0297723292469352 
2 0.3856893542757417 0.6725043782837128 0.020942408376963352 0.021015761821366025 
0 0.3403141361256545 0.7215411558669002 0.020942408376963352 0.03852889667250438 
0 0.3403141361256545 0.8844133099824869 0.02443280977312391 0.03852889667250438 
0 0.20418848167539266 0.8353765323992994 0.020942408376963352 0.03852889667250438 
0 0.20418848167539266 0.8844133099824869 0.02268760907504363 0.03852889667250438 
0 0.3403141361256545 0.9562171628721541 0.02268760907504363 0.03852889667250438 
5 0.4642233856893543 0.9281961471103327 0.06282722513089005 0.06304728546409807 
5 0.7329842931937173 0.9316987740805605 0.06631762652705062 0.06304728546409807 
0 0.8394415357766143 0.45709281961471104 0.020942408376963352 0.03852889667250438 
0 0.7574171029668412 0.005253940455341506 0.020942408376963352 0.03677758318739054 
0 0.7696335078534031 0.2539404553415061 0.038394415357766144 0.021015761821366025 
0 0.8150087260034904 0.25569176882662 0.038394415357766144 0.01926444833625219 
0 0.9755671902268761 0.3134851138353765 0.020942408376963352 0.03852889667250438 
3 0.7417102966841187 0.1786339754816112 0.020942408376963352 0.03852889667250438 
0 0.9336823734729494 0.3975481611208406 0.020942408376963352 0.03852889667250438 
0 0.9703315881326352 0.4308231173380035 0.038394415357766144 0.021015761821366025 
0 0.9336823734729494 0.4746059544658494 0.020942408376963352 0.03852889667250438 
0 0.8394415357766143 0.5078809106830122 0.019197207678883072 0.03852889667250438 
0 0.7417102966841187 0.43782837127845886 0.020942408376963352 0.03852889667250438 
2 0.9336823734729494 0.3520140105078809 0.020942408376963352 0.021015761821366025 
4 0.7574171029668412 0.4133099824868651 0.04537521815008726 0.012259194395796848 
5 0.837696335078534 0.3905429071803853 0.06282722513089005 0.06304728546409807 
5 0.8795811518324608 0.23117338003502627 0.06282722513089005 0.06304728546409807 
