3 0.431640625 0.04296875 0.0234375 0.041015625 
0 0.392578125 0.12109375 0.04296875 0.0234375 
5 0.486328125 0.107421875 0.0703125 0.0703125 
5 0.6328125 0.10546875 0.07421875 0.072265625 
1 0.5703125 0.046875 0.04296875 0.033203125 
2 0.431640625 0.25 0.0234375 0.0234375 
0 0.380859375 0.3046875 0.0234375 0.04296875 
0 0.380859375 0.486328125 0.02734375 0.04296875 
0 0.228515625 0.431640625 0.0234375 0.04296875 
0 0.228515625 0.486328125 0.025390625 0.04296875 
0 0.380859375 0.56640625 0.025390625 0.04296875 
0 0.380859375 0.748046875 0.0234375 0.041015625 
2 0.431640625 0.76953125 0.0234375 0.021484375 
5 0.51953125 0.53515625 0.0703125 0.0703125 
5 0.8203125 0.5390625 0.07421875 0.0703125 
3 0.431640625 0.98828125 0.02734375 0.04296875 
0 0.392578125 0.890625 0.04296875 0.0234375 
1 0.568359375 0.9921875 0.04296875 0.03515625 
0 0.939453125 0.009765625 0.0234375 0.04296875 
0 0.939453125 0.06640625 0.021484375 0.04296875 
