5 0.1456953642384106 0.05818965517241379 0.07947019867549669 0.07974137931034483 
5 0.037527593818984545 0.29310344827586204 0.08388520971302428 0.07758620689655173 
5 0.019867549668874173 0.4525862068965517 0.08388520971302428 0.08189655172413793 
5 0.5143487858719646 0.07974137931034483 0.08388520971302428 0.07758620689655173 
5 0.6445916114790287 0.10775862068965517 0.08388520971302428 0.07758620689655173 
0 0.5165562913907285 0.16163793103448276 0.02869757174392936 0.04741379310344827 
2 0.5894039735099338 0.3599137931034483 0.026490066225165563 0.02586206896551724 
2 0.7792494481236203 0.3599137931034483 0.026490066225165563 0.02586206896551724 
0 0.4922737306843267 0.4547413793103448 0.04856512141280353 0.02586206896551724 
0 0.5739514348785872 0.4525862068965517 0.04856512141280353 0.02586206896551724 
5 0.5673289183222958 0.6400862068965517 0.08388520971302428 0.07758620689655173 
