0 0.43015521064301554 0.5959821428571429 0.05321507760532151 0.09598214285714286 
0 0.25277161862527714 0.078125 0.0975609756097561 0.05133928571428571 
0 0.36807095343680707 0.08035714285714286 0.09534368070953436 0.049107142857142856 
0 0.88470066518847 0.140625 0.0975609756097561 0.05133928571428571 
0 0.7782705099778271 0.22544642857142858 0.050997782705099776 0.09821428571428571 
0 0.6674057649667405 0.43973214285714285 0.050997782705099776 0.09821428571428571 
0 0.7627494456762749 0.5267857142857143 0.0975609756097561 0.05133928571428571 
0 0.8913525498891353 0.5290178571428571 0.0975609756097561 0.05133928571428571 
0 0.6674057649667405 0.6383928571428571 0.05321507760532151 0.09821428571428571 
0 0.43015521064301554 0.7232142857142857 0.04656319290465632 0.09821428571428571 
0 0.18181818181818182 0.5424107142857143 0.05321507760532151 0.09598214285714286 
2 0.6674057649667405 0.328125 0.05321507760532151 0.05133928571428571 
4 0.21951219512195122 0.48214285714285715 0.1130820399113082 0.03125 
5 0.42572062084257206 0.4263392857142857 0.15964523281596452 0.16294642857142858 
5 0.532150776053215 0.020089285714285716 0.15964523281596452 0.15848214285714285 
