5 0.11604095563139932 0.9675213675213675 0.06484641638225255 0.06324786324786325 
1 0.06143344709897611 0.9162393162393162 0.03754266211604096 0.02905982905982906 
0 0.9641638225255973 0.6786324786324787 0.020477815699658702 0.037606837606837605 
3 0.9641638225255973 0.7316239316239316 0.020477815699658702 0.037606837606837605 
1 0.8822525597269625 0.9179487179487179 0.03754266211604096 0.02735042735042735 
0 0.3839590443686007 0.8837606837606837 0.020477815699658702 0.037606837606837605 
2 0.4539249146757679 0.05299145299145299 0.020477815699658702 0.020512820512820513 
2 0.6023890784982935 0.0547008547008547 0.020477815699658702 0.020512820512820513 
0 0.2440273037542662 0.3658119658119658 0.020477815699658702 0.037606837606837605 
5 0.3515358361774744 0.30085470085470084 0.06143344709897611 0.06153846153846154 
5 0.42662116040955633 0.3384615384615385 0.06143344709897611 0.06153846153846154 
5 0.5426621160409556 0.24273504273504273 0.06143344709897611 0.06153846153846154 
5 0.6877133105802048 0.21196581196581196 0.06143344709897611 0.06153846153846154 
5 0.7440273037542662 0.31965811965811963 0.06143344709897611 0.06153846153846154 
0 0.5938566552901023 0.3094017094017094 0.03583617747440273 0.020512820512820513 
0 0.6228668941979523 0.358974358974359 0.020477815699658702 0.035897435897435895 
0 0.3515358361774744 0.3606837606837607 0.020477815699658702 0.037606837606837605 
0 0.3037542662116041 0.4427350427350427 0.020477815699658702 0.035897435897435895 
0 0.31569965870307165 0.6854700854700855 0.03754266211604096 0.020512820512820513 
0 0.36006825938566556 0.6871794871794872 0.03754266211604096 0.018803418803418803 
0 0.5597269624573379 0.7094017094017094 0.03754266211604096 0.020512820512820513 
0 0.5170648464163823 0.7435897435897436 0.020477815699658702 0.037606837606837605 
3 0.2883959044368601 0.611965811965812 0.020477815699658702 0.037606837606837605 
0 0.4761092150170648 0.8256410256410256 0.020477815699658702 0.037606837606837605 
0 0.5119453924914675 0.8581196581196581 0.03754266211604096 0.020512820512820513 
0 0.5614334470989761 0.8598290598290599 0.03754266211604096 0.020512820512820513 
0 0.4761092150170648 0.9008547008547009 0.020477815699658702 0.037606837606837605 
0 0.3839590443686007 0.9333333333333333 0.01877133105802048 0.037606837606837605 
0 0.2883959044368601 0.864957264957265 0.020477815699658702 0.037606837606837605 
2 0.4761092150170648 0.7811965811965812 0.020477815699658702 0.020512820512820513 
2 0.60580204778157 0.7094017094017094 0.020477815699658702 0.020512820512820513 
4 0.3037542662116041 0.841025641025641 0.04436860068259386 0.011965811965811967 
5 0.3822525597269625 0.8188034188034188 0.06143344709897611 0.06153846153846154 
5 0.4232081911262799 0.6632478632478632 0.06143344709897611 0.06153846153846154 
5 0.8310580204778157 0.9692307692307692 0.06143344709897611 0.06153846153846154 
5 0.9556313993174061 0.9692307692307692 0.06143344709897611 0.06153846153846154 
