5 0.14442013129102846 0.06 0.0787746170678337 0.08222222222222222 
5 0.037199124726477024 0.3022222222222222 0.08315098468271334 0.08 
5 0.019693654266958426 0.4666666666666667 0.08315098468271334 0.08444444444444445 
5 0.5098468271334792 0.08222222222222222 0.08315098468271334 0.08 
5 0.6389496717724289 0.1111111111111111 0.08315098468271334 0.08 
0 0.5120350109409191 0.16666666666666666 0.028446389496717725 0.04888888888888889 
2 0.5842450765864332 0.3711111111111111 0.0262582056892779 0.02666666666666667 
2 0.7724288840262582 0.3711111111111111 0.0262582056892779 0.02666666666666667 
0 0.487964989059081 0.4688888888888889 0.04814004376367615 0.02666666666666667 
0 0.5689277899343544 0.4666666666666667 0.04814004376367615 0.02666666666666667 
5 0.562363238512035 0.66 0.08315098468271334 0.08 
