0 0.17882352941176471 0.7754629629629629 0.02588235294117647 0.05092592592592592 
0 0.17882352941176471 0.8518518518518519 0.02823529411764706 0.05324074074074074 
5 0.11294117647058824 0.6550925925925926 0.08470588235294117 0.08564814814814815 
1 0.011764705882352941 0.5833333333333334 0.05411764705882353 0.03935185185185185 
3 0.1811764705882353 0.5787037037037037 0.02823529411764706 0.05092592592592592 
0 0.22588235294117648 0.46296296296296297 0.05411764705882353 0.027777777777777776 
2 0.17647058823529413 0.33101851851851855 0.02823529411764706 0.027777777777777776 
0 0.11764705882352941 0.29398148148148145 0.02823529411764706 0.04861111111111111 
5 0.30117647058823527 0.9259259259259259 0.08470588235294117 0.08333333333333333 
5 0.8964705882352941 0.24768518518518517 0.08470588235294117 0.08333333333333333 
5 0.6494117647058824 0.046296296296296294 0.08941176470588236 0.08333333333333333 
5 0.2823529411764706 0.041666666666666664 0.08470588235294117 0.08333333333333333 
0 0.11764705882352941 0.0787037037037037 0.02823529411764706 0.05092592592592592 
0 0.8964705882352941 0.33101851851851855 0.02823529411764706 0.05092592592592592 
