5 0.3984375 0.9296875 0.0703125 0.0703125 
5 0.56640625 0.89453125 0.072265625 0.0703125 
0 0.150390625 0.953125 0.04296875 0.0234375 
0 0.20703125 0.953125 0.04296875 0.025390625 
0 0.109375 0.90234375 0.0234375 0.04296875 
0 0.15625 0.83984375 0.0234375 0.04296875 
0 0.205078125 0.802734375 0.04296875 0.0234375 
2 0.109375 0.853515625 0.021484375 0.0234375 
2 0.255859375 0.802734375 0.0234375 0.0234375 
5 0.04296875 0.751953125 0.07421875 0.0703125 
2 0.736328125 0.44921875 0.021484375 0.0234375 
