0 0.38671875 0.775390625 0.0234375 0.04296875 
0 0.431640625 0.775390625 0.0234375 0.04296875 
3 0.38671875 0.8359375 0.025390625 0.04296875 
0 0.431640625 0.8359375 0.02734375 0.044921875 
0 0.291015625 0.078125 0.0234375 0.04296875 
0 0.291015625 0.1484375 0.0234375 0.04296875 
0 0.779296875 0.41796875 0.0234375 0.04296875 
5 0.90234375 0.34375 0.0703125 0.0703125 
5 0.98828125 0.38671875 0.0703125 0.0703125 
0 0.90234375 0.412109375 0.0234375 0.04296875 
0 0.84765625 0.505859375 0.0234375 0.041015625 
0 0.861328125 0.783203125 0.04296875 0.0234375 
0 0.912109375 0.78515625 0.04296875 0.021484375 
3 0.830078125 0.69921875 0.0234375 0.04296875 
0 0.830078125 0.98828125 0.0234375 0.04296875 
4 0.84765625 0.9609375 0.05078125 0.013671875 
5 0.9375 0.935546875 0.0703125 0.0703125 
5 0.984375 0.7578125 0.0703125 0.0703125 
