5 0.9376558603491272 0.7172774869109948 0.08977556109725686 0.09424083769633508 
3 0.827930174563591 0.05759162303664921 0.029925187032418952 0.0549738219895288 
0 0.8753117206982544 0.16230366492146597 0.05486284289276808 0.02617801047120419 
1 0.6508728179551122 0.06544502617801047 0.05486284289276808 0.041884816753926704 
0 0.7630922693266833 0.4083769633507853 0.029925187032418952 0.05759162303664921 
2 0.8254364089775561 0.35340314136125656 0.029925187032418952 0.028795811518324606 
0 0.7630922693266833 0.6518324607329843 0.029925187032418952 0.05759162303664921 
0 0.7630922693266833 0.7591623036649214 0.029925187032418952 0.05759162303664921 
0 0.057356608478802994 0.03926701570680628 0.029925187032418952 0.05759162303664921 
5 0.5760598503740648 0.14397905759162305 0.08977556109725686 0.09424083769633508 
5 0.7581047381546134 0.14397905759162305 0.08977556109725686 0.09424083769633508 
