5 0.2735229759299781 0.7578288100208769 0.0787746170678337 0.07515657620041753 
5 0.40043763676148797 0.7870563674321504 0.08096280087527352 0.07515657620041753 
5 0.0437636761487965 0.5762004175365344 0.08315098468271334 0.07515657620041753 
5 0.35667396061269147 0.16910229645093947 0.0787746170678337 0.07515657620041753 
5 0.25164113785557984 0.1022964509394572 0.08096280087527352 0.07515657620041753 
5 0.6695842450765864 0.1440501043841336 0.08315098468271334 0.07515657620041753 
0 0.5557986870897156 0.0918580375782881 0.0262582056892779 0.04801670146137787 
0 0.5142231947483589 0.04175365344467641 0.04814004376367615 0.025052192066805846 
0 0.13129102844638948 0.29018789144050106 0.0262582056892779 0.04592901878914405 
0 0.25164113785557984 0.1837160751565762 0.0262582056892779 0.04592901878914405 
0 0.05470459518599562 0.19624217118997914 0.0262582056892779 0.04592901878914405 
0 0.12035010940919037 0.022964509394572025 0.0262582056892779 0.04384133611691023 
0 0.2735229759299781 0.8329853862212944 0.0262582056892779 0.04592901878914405 
