0 0.30118110236220474 0.7265625 0.045275590551181105 0.025390625 
5 0.44291338582677164 0.634765625 0.08070866141732283 0.080078125 
5 0.2795275590551181 0.42578125 0.08267716535433071 0.08203125 
1 0.21456692913385828 0.5234375 0.031496062992125984 0.025390625 
0 0.265748031496063 0.244140625 0.045275590551181105 0.025390625 
5 0.4074803149606299 0.15625 0.08070866141732283 0.080078125 
5 0.9094488188976378 0.13671875 0.08070866141732283 0.080078125 
0 0.8208661417322834 0.2421875 0.047244094488188976 0.02734375 
5 0.9625984251968503 0.669921875 0.08070866141732283 0.080078125 
0 0.8188976377952756 0.7578125 0.047244094488188976 0.02734375 
1 0.7322834645669292 0.55859375 0.031496062992125984 0.025390625 
