6 0.7621359223300971 0.4786729857819905 0.06796116504854369 0.045023696682464455 
6 0.26941747572815533 0.8056872037914692 0.06796116504854369 0.04265402843601896 
6 0.4029126213592233 0.7559241706161137 0.038834951456310676 0.054502369668246446 
2 0.8106796116504854 0.4786729857819905 0.038834951456310676 0.035545023696682464 
5 0.8495145631067961 0.3957345971563981 0.11893203883495146 0.11848341232227488 
5 0.8495145631067961 0.6658767772511849 0.11893203883495146 0.11611374407582939 
0 0.7645631067961165 0.8080568720379147 0.06796116504854369 0.03317535545023697 
2 0.7160194174757282 0.8080568720379147 0.03640776699029126 0.037914691943127965 
2 0.8131067961165048 0.8080568720379147 0.03640776699029126 0.035545023696682464 
5 0.9320388349514563 0.009478672985781991 0.11893203883495146 0.11848341232227488 
