0 0.3586206896551724 0.797752808988764 0.0367816091954023 0.0651685393258427 
0 0.5793103448275863 0.5393258426966292 0.06896551724137931 0.033707865168539325 
0 0.6896551724137931 0.5887640449438202 0.029885057471264367 0.04943820224719101 
0 0.8988505747126436 0.5393258426966292 0.06896551724137931 0.029213483146067417 
0 0.8666666666666667 0.8651685393258427 0.06896551724137931 0.03146067415730337 
4 0.8344827586206897 0.8404494382022472 0.02528735632183908 0.0898876404494382 
0 0.6344827586206897 0.9123595505617977 0.027586206896551724 0.051685393258426963 
2 0.8551724137931035 0.5393258426966292 0.034482758620689655 0.038202247191011236 
2 0.9471264367816092 0.5393258426966292 0.034482758620689655 0.035955056179775284 
5 0.9839080459770115 0.42921348314606744 0.11494252873563218 0.11235955056179775 
