0 0.037109375 0.12109375 0.015625 0.02734375 
0 0.3828125 0.08984375 0.013671875 0.029296875 
2 0.31640625 0.126953125 0.013671875 0.013671875 
0 0.5546875 0.095703125 0.013671875 0.029296875 
0 0.90234375 0.095703125 0.015625 0.029296875 
0 0.94140625 0.708984375 0.015625 0.029296875 
0 0.048828125 0.740234375 0.013671875 0.025390625 
2 0.318359375 0.75 0.013671875 0.015625 
0 0.43359375 0.71484375 0.015625 0.029296875 
0 0.65234375 0.70703125 0.013671875 0.02734375 
5 0.3828125 0.03125 0.048828125 0.048828125 
5 0.037109375 0.05859375 0.048828125 0.048828125 
5 0.43359375 0.66015625 0.048828125 0.048828125 
5 0.048828125 0.68359375 0.048828125 0.05078125 
