0 0.353515625 0.150390625 0.029296875 0.013671875 
0 0.39453125 0.169921875 0.013671875 0.021484375 
0 0.44140625 0.1875 0.015625 0.02734375 
0 0.537109375 0.12109375 0.015625 0.02734375 
0 0.8828125 0.08984375 0.013671875 0.029296875 
2 0.81640625 0.126953125 0.013671875 0.013671875 
0 0.35546875 0.775390625 0.02734375 0.013671875 
0 0.451171875 0.8125 0.013671875 0.029296875 
0 0.400390625 0.796875 0.01171875 0.021484375 
0 0.548828125 0.740234375 0.013671875 0.025390625 
2 0.818359375 0.75 0.013671875 0.015625 
0 0.93359375 0.71484375 0.015625 0.029296875 
5 0.8828125 0.03125 0.048828125 0.048828125 
5 0.537109375 0.05859375 0.048828125 0.048828125 
5 0.93359375 0.66015625 0.048828125 0.048828125 
5 0.548828125 0.68359375 0.048828125 0.05078125 
