5 0.2956989247311828 0.08990825688073395 0.08781362007168458 0.08990825688073395 
5 0.2939068100358423 0.47889908256880737 0.08781362007168458 0.08990825688073395 
1 0.1039426523297491 0.9412844036697248 0.034050179211469536 0.029357798165137616 
0 0.521505376344086 0.8311926605504587 0.05017921146953405 0.029357798165137616 
0 0.5232974910394266 0.6752293577981652 0.05017921146953405 0.027522935779816515 
0 0.1971326164874552 0.5981651376146789 0.04838709677419355 0.027522935779816515 
0 0.5591397849462365 0.5192660550458715 0.053763440860215055 0.027522935779816515 
0 0.521505376344086 0.363302752293578 0.05555555555555555 0.029357798165137616 
0 0.521505376344086 0.20733944954128442 0.053763440860215055 0.029357798165137616 
0 0.521505376344086 0.09174311926605505 0.04838709677419355 0.027522935779816515 
0 0.1971326164874552 0.20733944954128442 0.04838709677419355 0.027522935779816515 
