0 0.1715210355987055 0.6590538336052202 0.038834951456310676 0.07177814029363784 
0 0.4045307443365696 0.3800978792822186 0.07281553398058252 0.03588907014681892 
0 0.5226537216828478 0.43230016313213704 0.032362459546925564 0.053833605220228384 
0 0.7427184466019418 0.3800978792822186 0.07281553398058252 0.03099510603588907 
0 0.9902912621359223 0.43230016313213704 0.032362459546925564 0.053833605220228384 
0 0.7087378640776699 0.734094616639478 0.07281553398058252 0.03425774877650897 
4 0.6731391585760518 0.7063621533442088 0.025889967637540454 0.09787928221859707 
0 0.4627831715210356 0.7862969004893964 0.02912621359223301 0.05546492659053834 
2 0.6974110032362459 0.3800978792822186 0.03559870550161812 0.040783034257748776 
2 0.7912621359223301 0.37846655791190864 0.03559870550161812 0.03915171288743882 
5 0.8317152103559871 0.25774877650897227 0.12135922330097088 0.12234910277324633 
