6 0.023381294964028777 0.8054545454545454 0.048561151079136694 0.07636363636363637 
2 0.539568345323741 0.6527272727272727 0.039568345323741004 0.04363636363636364 
6 0.6618705035971223 0.5963636363636363 0.04316546762589928 0.056363636363636366 
6 0.85431654676259 0.6545454545454545 0.07553956834532374 0.045454545454545456 
6 0.2949640287769784 0.11818181818181818 0.04316546762589928 0.06 
2 0.48741007194244607 0.7072727272727273 0.04316546762589928 0.04363636363636364 
5 0.3723021582733813 0.5418181818181819 0.13489208633093525 0.13636363636363635 
2 0.07733812949640288 0.17636363636363636 0.04316546762589928 0.04 
2 0.02697841726618705 0.2309090909090909 0.03776978417266187 0.038181818181818185 
6 0.447841726618705 0.17636363636363636 0.07553956834532374 0.05090909090909091 
