0 0.274442538593482 0.03019538188277087 0.0411663807890223 0.023090586145648313 
0 0.27615780445969124 0.35168738898756663 0.0411663807890223 0.023090586145648313 
5 0.35506003430531735 0.2557726465364121 0.07032590051457976 0.07282415630550622 
0 0.5403087478559176 0.2522202486678508 0.03945111492281304 0.023090586145648313 
0 0.5403087478559176 0.34991119005328597 0.03945111492281304 0.023090586145648313 
0 0.5403087478559176 0.47957371225577267 0.03945111492281304 0.023090586145648313 
0 0.5711835334476844 0.61101243339254 0.03945111492281304 0.02486678507992895 
0 0.5403087478559176 0.7424511545293073 0.03945111492281304 0.023090586145648313 
5 0.35334476843910806 0.5790408525754884 0.07032590051457976 0.07282415630550622 
0 0.27615780445969124 0.6749555950266429 0.0411663807890223 0.02486678507992895 
0 0.5403087478559176 0.8703374777975134 0.03945111492281304 0.02664298401420959 
1 0.19897084048027444 0.9626998223801065 0.0274442538593482 0.023090586145648313 
