2 0.4431818181818182 0.5914972273567468 0.026515151515151516 0.04990757855822551 
3 0.4412878787878788 0.5582255083179297 0.028409090909090908 0.027726432532347505 
6 0.4431818181818182 0.7504621072088724 0.03409090909090909 0.053604436229205174 
6 0.6231060606060606 0.8059149722735675 0.041666666666666664 0.027726432532347505 
6 0.6628787878787878 0.8613678373382625 0.03409090909090909 0.051756007393715345 
6 0.8541666666666666 0.3955637707948244 0.030303030303030304 0.04066543438077634 
5 0.24242424242424243 0.9537892791127541 0.0928030303030303 0.09242144177449169 
2 0.9886363636363636 0.7948243992606284 0.030303030303030304 0.029574861367837338 
5 0.9071969696969697 0.6820702402957486 0.0946969696969697 0.09242144177449169 
2 0.7007575757575758 0.43622920517560076 0.030303030303030304 0.027726432532347505 
2 0.6647727272727273 0.4713493530499076 0.026515151515151516 0.025878003696857672 
6 0.9602272727272727 0.43622920517560076 0.05303030303030303 0.03512014787430684 
5 0.5852272727272727 0.3567467652495379 0.0928030303030303 0.09242144177449169 
