0 0.6222222222222222 0.07922912205567452 0.03333333333333333 0.014989293361884369 
0 0.5022222222222222 0.2291220556745182 0.017777777777777778 0.032119914346895075 
0 0.6777777777777778 0.1006423982869379 0.015555555555555555 0.023554603854389723 
0 0.7777777777777778 0.07922912205567452 0.03333333333333333 0.014989293361884369 
2 0.7577777777777778 0.07708779443254818 0.017777777777777778 0.017130620985010708 
2 0.8022222222222222 0.07922912205567452 0.015555555555555555 0.017130620985010708 
0 0.8888888888888888 0.07922912205567452 0.03333333333333333 0.014989293361884369 
0 0.8511111111111112 0.1006423982869379 0.015555555555555555 0.023554603854389723 
0 0.8422222222222222 0.27194860813704497 0.03333333333333333 0.017130620985010708 
0 0.7355555555555555 0.29764453961456105 0.015555555555555555 0.023554603854389723 
0 0.17333333333333334 0.22698072805139186 0.015555555555555555 0.029978586723768737 
4 0.8244444444444444 0.26124197002141325 0.011111111111111112 0.042826552462526764 
5 0.82 0.021413276231263382 0.05555555555555555 0.05353319057815846 
