5 0.27734375 0.92578125 0.08203125 0.08203125 
0 0.263671875 0.744140625 0.044921875 0.025390625 
5 0.404296875 0.65625 0.080078125 0.080078125 
0 0.263671875 0.388671875 0.044921875 0.025390625 
5 0.40625 0.298828125 0.08203125 0.080078125 
5 0.40625 0.2109375 0.080078125 0.080078125 
0 0.263671875 0.033203125 0.044921875 0.02734375 
0 0.8125 0.033203125 0.046875 0.025390625 
0 0.814453125 0.38671875 0.046875 0.025390625 
5 0.904296875 0.28125 0.080078125 0.080078125 
5 0.90234375 0.63671875 0.080078125 0.080078125 
0 0.814453125 0.7421875 0.046875 0.02734375 
