0 0.11421911421911422 0.16258351893095768 0.06993006993006994 0.0334075723830735 
0 0.2261072261072261 0.21158129175946547 0.030303030303030304 0.051224944320712694 
0 0.4405594405594406 0.16258351893095768 0.06993006993006994 0.0334075723830735 
2 0.3962703962703963 0.1603563474387528 0.037296037296037296 0.0378619153674833 
2 0.48717948717948717 0.16258351893095768 0.03496503496503497 0.035634743875278395 
0 0.6713286713286714 0.16258351893095768 0.06993006993006994 0.0334075723830735 
0 0.5920745920745921 0.21158129175946547 0.03263403263403263 0.051224944320712694 
0 0.5734265734265734 0.5679287305122495 0.0675990675990676 0.035634743875278395 
0 0.351981351981352 0.6169265033407573 0.030303030303030304 0.04899777282850779 
4 0.5361305361305362 0.5434298440979956 0.02564102564102564 0.08685968819599109 
5 0.5291375291375291 0.044543429844097995 0.11421911421911422 0.1091314031180401 
