0 0.06947890818858561 0.12827225130890052 0.017369727047146403 0.03926701570680628 
0 0.511166253101737 0.12827225130890052 0.019851116625310174 0.03926701570680628 
0 0.6898263027295285 0.007853403141361256 0.017369727047146403 0.028795811518324606 
0 0.9305210918114144 0.007853403141361256 0.017369727047146403 0.028795811518324606 
0 0.7866004962779156 0.17015706806282724 0.03722084367245657 0.01832460732984293 
0 0.6947890818858561 0.7670157068062827 0.03722084367245657 0.01832460732984293 
0 0.5607940446650124 0.9502617801047121 0.019851116625310174 0.03926701570680628 
0 0.7568238213399504 0.7931937172774869 0.017369727047146403 0.028795811518324606 
0 0.8684863523573201 0.7670157068062827 0.03722084367245657 0.01832460732984293 
2 0.8461538461538461 0.7643979057591623 0.019851116625310174 0.020942408376963352 
2 0.8957816377171216 0.7670157068062827 0.017369727047146403 0.020942408376963352 
0 0.9925558312655087 0.7670157068062827 0.03722084367245657 0.01832460732984293 
0 0.9503722084367245 0.7931937172774869 0.017369727047146403 0.028795811518324606 
0 0.1935483870967742 0.9476439790575916 0.017369727047146403 0.03664921465968586 
4 0.9205955334987593 0.9895287958115183 0.01240694789081886 0.05235602094240838 
5 0.9156327543424317 0.6963350785340314 0.062034739454094295 0.06544502617801047 
4 0.7667493796526055 0.1544502617801047 0.01240694789081886 0.05235602094240838 
0 0.6600496277915633 0.19633507853403143 0.01488833746898263 0.028795811518324606 
