0 0.02734375 0.009765625 0.013671875 0.021484375 
0 0.173828125 0.0078125 0.013671875 0.021484375 
0 0.017578125 0.1640625 0.013671875 0.021484375 
0 0.1328125 0.14453125 0.029296875 0.013671875 
0 0.203125 0.14453125 0.029296875 0.015625 
0 0.171875 0.1640625 0.013671875 0.021484375 
0 0.0703125 0.14453125 0.02734375 0.013671875 
2 0.05078125 0.14453125 0.015625 0.015625 
2 0.087890625 0.14453125 0.015625 0.015625 
0 0.40625 0.953125 0.02734375 0.013671875 
5 0.109375 0.080078125 0.048828125 0.048828125 
5 0.0703125 0.205078125 0.048828125 0.048828125 
5 0.373046875 0.861328125 0.048828125 0.048828125 
0 0.876953125 0.42578125 0.013671875 0.029296875 
4 0.421875 0.537109375 0.0390625 0.009765625 
4 0.46484375 0.537109375 0.037109375 0.009765625 
