0 0.048 0.07297830374753451 0.03 0.013806706114398421 
0 0.098 0.09270216962524655 0.014 0.021696252465483234 
0 0.188 0.07297830374753451 0.03 0.013806706114398421 
2 0.17 0.07100591715976332 0.016 0.015779092702169626 
2 0.21 0.07297830374753451 0.014 0.015779092702169626 
0 0.288 0.07297830374753451 0.03 0.013806706114398421 
0 0.254 0.09270216962524655 0.014 0.021696252465483234 
0 0.246 0.2504930966469428 0.03 0.015779092702169626 
0 0.15 0.27416173570019725 0.014 0.021696252465483234 
4 0.23 0.2406311637080868 0.01 0.03944773175542406 
5 0.226 0.01972386587771203 0.05 0.04930966469428008 
