0 0.5689655172413793 0.3665644171779141 0.07053291536050156 0.03374233128834356 
0 0.7460815047021944 0.3665644171779141 0.07053291536050156 0.03374233128834356 
0 0.6692789968652038 0.4125766871165644 0.03134796238244514 0.05061349693251534 
0 0.8667711598746082 0.41411042944785276 0.03134796238244514 0.05214723926380368 
0 0.9686520376175548 0.36349693251533743 0.07053291536050156 0.03374233128834356 
2 0.9200626959247649 0.36349693251533743 0.03761755485893417 0.03374233128834356 
0 0.5689655172413793 0.7315950920245399 0.07053291536050156 0.03374233128834356 
0 0.7429467084639498 0.7315950920245399 0.07053291536050156 0.03374233128834356 
0 0.6692789968652038 0.7806748466257669 0.03134796238244514 0.05061349693251534 
0 0.8463949843260188 0.7806748466257669 0.03134796238244514 0.05061349693251534 
0 0.9702194357366771 0.7315950920245399 0.06426332288401254 0.03374233128834356 
2 0.9247648902821317 0.7315950920245399 0.03761755485893417 0.03680981595092025 
5 0.9702194357366771 0.8773006134969326 0.11598746081504702 0.11503067484662577 
