0 0.07155322862129145 0.45531197301854975 0.034904013961605584 0.05733558178752108 
0 0.1849912739965096 0.3996627318718381 0.07853403141361257 0.03709949409780776 
0 0.3507853403141361 0.40134907251264756 0.07853403141361257 0.04047217537942664 
0 0.5479930191972077 0.403035413153457 0.07853403141361257 0.03709949409780776 
2 0.13089005235602094 0.3996627318718381 0.041884816753926704 0.03709949409780776 
2 0.2356020942408377 0.40134907251264756 0.041884816753926704 0.03541315345699832 
0 0.4642233856893543 0.4536256323777403 0.034904013961605584 0.05564924114671164 
0 0.04886561954624782 0.8583473861720068 0.034904013961605584 0.05564924114671164 
0 0.3542757417102967 0.8043844856661045 0.07853403141361257 0.03709949409780776 
0 0.5445026178010471 0.8043844856661045 0.07853403141361257 0.04215851602023609 
0 0.462478184991274 0.8583473861720068 0.03664921465968586 0.05564924114671164 
0 0.18673647469458987 0.8043844856661045 0.07155322862129145 0.03709949409780776 
2 0.13612565445026178 0.8043844856661045 0.041884816753926704 0.04047217537942664 
2 0.2356020942408377 0.806070826306914 0.041884816753926704 0.04047217537942664 
5 0.2949389179755672 0.23777403035413153 0.12914485165794065 0.12478920741989882 
5 0.7835951134380453 0.13659359190556492 0.13089005235602094 0.12478920741989882 
5 0.9650959860383944 0.13659359190556492 0.12914485165794065 0.12478920741989882 
5 0.2949389179755672 0.6408094435075885 0.12914485165794065 0.12478920741989882 
5 0.18673647469458987 0.9645868465430016 0.12914485165794065 0.12647554806070826 
