6 0.216796875 0.1640625 0.0546875 0.03515625 
6 0.32421875 0.123046875 0.03125 0.044921875 
6 0.51171875 0.412109375 0.03125 0.044921875 
2 0.740234375 0.455078125 0.03125 0.02734375 
6 0.83984375 0.45703125 0.0546875 0.037109375 
6 0.951171875 0.4140625 0.03125 0.04296875 
6 0.544921875 0.62109375 0.0546875 0.03515625 
6 0.46484375 0.6640625 0.02734375 0.041015625 
6 0.681640625 0.580078125 0.029296875 0.044921875 
5 0.68359375 0.048828125 0.095703125 0.095703125 
0 0.615234375 0.166015625 0.0546875 0.02734375 
2 0.576171875 0.166015625 0.029296875 0.03125 
2 0.654296875 0.166015625 0.029296875 0.029296875 
4 0.740234375 0.599609375 0.021484375 0.078125 
