5 0.16015625 0.08984375 0.048828125 0.048828125 
5 0.16015625 0.296875 0.048828125 0.048828125 
5 0.16015625 0.505859375 0.048828125 0.048828125 
5 0.189453125 0.81640625 0.05078125 0.048828125 
0 0.10546875 0.869140625 0.02734375 0.015625 
1 0.056640625 0.75 0.01953125 0.015625 
1 0.28515625 0.798828125 0.02734375 0.021484375 
0 0.28515625 0.69140625 0.02734375 0.015625 
0 0.28515625 0.609375 0.02734375 0.013671875 
0 0.107421875 0.568359375 0.02734375 0.013671875 
0 0.3046875 0.525390625 0.029296875 0.013671875 
0 0.28515625 0.443359375 0.029296875 0.015625 
0 0.28515625 0.359375 0.029296875 0.015625 
0 0.28515625 0.298828125 0.02734375 0.013671875 
0 0.107421875 0.359375 0.02734375 0.013671875 
0 0.109375 0.15234375 0.02734375 0.013671875 
