5 0.240234375 0.03125 0.095703125 0.09765625 
5 0.8203125 0.009765625 0.095703125 0.095703125 
5 0.087890625 0.34375 0.09765625 0.09375 
5 0.28125 0.58984375 0.095703125 0.09765625 
5 0.87890625 0.630859375 0.1015625 0.09765625 
0 0.11328125 0.6953125 0.052734375 0.029296875 
1 0.015625 0.4609375 0.037109375 0.029296875 
0 0.708984375 0.736328125 0.052734375 0.03125 
1 0.61328125 0.501953125 0.037109375 0.03125 
0 0.71484375 0.13671875 0.052734375 0.029296875 
0 0.07421875 0.13671875 0.052734375 0.029296875 
