6 0.5803722504230119 0.4943089430894309 0.07106598984771574 0.04552845528455285 
6 0.06429780033840947 0.8292682926829268 0.07106598984771574 0.04390243902439024 
6 0.20473773265651438 0.7772357723577236 0.04060913705583756 0.055284552845528454 
2 0.6311336717428088 0.4943089430894309 0.04060913705583756 0.03577235772357724 
5 0.6734348561759729 0.4065040650406504 0.12521150592216582 0.12195121951219512 
5 0.6734348561759729 0.6845528455284553 0.12521150592216582 0.12032520325203253 
0 0.5820642978003384 0.8308943089430895 0.07106598984771574 0.03414634146341464 
2 0.5329949238578681 0.8308943089430895 0.03722504230118443 0.03902439024390244 
2 0.6328257191201354 0.8308943089430895 0.03722504230118443 0.03577235772357724 
5 0.7563451776649747 0.00975609756097561 0.12521150592216582 0.12195121951219512 
