0 0.546594982078853 0.13129496402877697 0.053763440860215055 0.02697841726618705 
0 0.34946236559139787 0.38489208633093525 0.02867383512544803 0.0539568345323741 
0 0.6326164874551972 0.17086330935251798 0.023297491039426525 0.04136690647482014 
0 0.7974910394265233 0.13129496402877697 0.053763440860215055 0.02697841726618705 
2 0.7634408602150538 0.12949640287769784 0.02867383512544803 0.030575539568345324 
2 0.8333333333333334 0.13129496402877697 0.026881720430107527 0.02877697841726619 
0 0.974910394265233 0.13129496402877697 0.053763440860215055 0.02697841726618705 
0 0.9139784946236559 0.17086330935251798 0.025089605734767026 0.04136690647482014 
0 0.899641577060932 0.45863309352517984 0.05197132616487455 0.02877697841726619 
0 0.7293906810035843 0.4982014388489209 0.023297491039426525 0.039568345323741004 
4 0.8709677419354839 0.43884892086330934 0.01971326164874552 0.07014388489208633 
5 0.8655913978494624 0.03597122302158273 0.08781362007168458 0.08812949640287769 
