5 0.3415841584158416 0.9785123966942149 0.06765676567656766 0.06776859504132231 
0 0.22277227722772278 0.7520661157024794 0.037953795379537955 0.021487603305785124 
5 0.3432343234323432 0.6760330578512397 0.06930693069306931 0.06776859504132231 
5 0.3432343234323432 0.6016528925619835 0.06765676567656766 0.06776859504132231 
0 0.22277227722772278 0.4512396694214876 0.037953795379537955 0.023140495867768594 
5 0.3415841584158416 0.3752066115702479 0.06765676567656766 0.06942148760330578 
5 0.3432343234323432 0.30082644628099175 0.06765676567656766 0.06776859504132231 
5 0.7623762376237624 0.3586776859504132 0.06765676567656766 0.06776859504132231 
0 0.6864686468646864 0.4512396694214876 0.039603960396039604 0.021487603305785124 
0 0.6881188118811881 0.7504132231404959 0.039603960396039604 0.021487603305785124 
5 0.764026402640264 0.6611570247933884 0.06765676567656766 0.06776859504132231 
0 0.9422442244224423 0.6578512396694215 0.037953795379537955 0.021487603305785124 
0 0.9422442244224423 0.7487603305785124 0.037953795379537955 0.021487603305785124 
0 0.9422442244224423 0.8694214876033057 0.037953795379537955 0.021487603305785124 
0 0.971947194719472 0.9917355371900827 0.037953795379537955 0.023140495867768594 
5 0.7623762376237624 0.9619834710743802 0.06765676567656766 0.06776859504132231 
