6 0.18012422360248448 0.09836065573770492 0.08695652173913043 0.05737704918032787 
6 0.018633540372670808 0.9118852459016393 0.049689440993788817 0.06967213114754098 
2 0.38095238095238093 0.9774590163934426 0.049689440993788817 0.0430327868852459 
6 0.5403726708074534 0.9795081967213115 0.08695652173913043 0.05737704918032787 
6 0.7184265010351967 0.9139344262295082 0.049689440993788817 0.06762295081967214 
6 0.9316770186335404 0.5225409836065574 0.09316770186335403 0.05737704918032787 
2 0.2422360248447205 0.09836065573770492 0.049689440993788817 0.045081967213114756 
5 0.2939958592132505 0.33811475409836067 0.15320910973084886 0.15163934426229508 
0 0.18219461697722567 0.5225409836065574 0.08695652173913043 0.0430327868852459 
2 0.12215320910973085 0.5225409836065574 0.045548654244306416 0.04918032786885246 
2 0.2443064182194617 0.5225409836065574 0.045548654244306416 0.045081967213114756 
