6 0.5965217391304348 0.528695652173913 0.07304347826086957 0.04869565217391304 
6 0.06608695652173913 0.8869565217391304 0.07304347826086957 0.04695652173913043 
6 0.21043478260869566 0.831304347826087 0.04173913043478261 0.059130434782608696 
2 0.648695652173913 0.528695652173913 0.04173913043478261 0.03826086956521739 
5 0.6921739130434783 0.43478260869565216 0.12869565217391304 0.13043478260869565 
5 0.6921739130434783 0.7321739130434782 0.12869565217391304 0.12869565217391304 
0 0.5982608695652174 0.888695652173913 0.07304347826086957 0.036521739130434785 
2 0.5478260869565217 0.888695652173913 0.03826086956521739 0.04173913043478261 
2 0.6504347826086957 0.888695652173913 0.03826086956521739 0.03826086956521739 
5 0.7773913043478261 0.010434782608695653 0.12869565217391304 0.13043478260869565 
