0 0.03345070422535211 0.5658362989323843 0.014084507042253521 0.02491103202846975 
0 0.34507042253521125 0.5373665480427047 0.01232394366197183 0.026690391459074734 
2 0.2852112676056338 0.5711743772241993 0.01232394366197183 0.012455516014234875 
0 0.5 0.5427046263345195 0.01232394366197183 0.026690391459074734 
0 0.8133802816901409 0.5427046263345195 0.014084507042253521 0.026690391459074734 
0 0.897887323943662 0.4412811387900356 0.02640845070422535 0.012455516014234875 
0 0.9401408450704225 0.4608540925266904 0.01232394366197183 0.019572953736654804 
0 0.9436619718309859 0.9768683274021353 0.02640845070422535 0.012455516014234875 
0 0.9876760563380281 0.994661921708185 0.01232394366197183 0.019572953736654804 
5 0.34507042253521125 0.48398576512455516 0.04401408450704225 0.04448398576512456 
5 0.03345070422535211 0.5088967971530249 0.04401408450704225 0.04448398576512456 
4 0.9947183098591549 0.5604982206405694 0.008802816901408451 0.03558718861209965 
0 0.9190140845070423 0.5889679715302492 0.01056338028169014 0.019572953736654804 
