0 0.4204081632653061 0.5102040816326531 0.030612244897959183 0.014285714285714285 
0 0.49795918367346936 0.5102040816326531 0.030612244897959183 0.014285714285714285 
0 0.46530612244897956 0.5306122448979592 0.014285714285714285 0.022448979591836733 
0 0.5510204081632653 0.5326530612244897 0.014285714285714285 0.022448979591836733 
0 0.5938775510204082 0.5102040816326531 0.030612244897959183 0.014285714285714285 
0 0.6591836734693878 0.5102040816326531 0.030612244897959183 0.0163265306122449 
0 0.736734693877551 0.5102040816326531 0.030612244897959183 0.014285714285714285 
2 0.573469387755102 0.5102040816326531 0.0163265306122449 0.014285714285714285 
2 0.6142857142857143 0.5102040816326531 0.0163265306122449 0.014285714285714285 
0 0.7040816326530612 0.5306122448979592 0.014285714285714285 0.022448979591836733 
0 0.4204081632653061 0.673469387755102 0.030612244897959183 0.014285714285714285 
0 0.4959183673469388 0.673469387755102 0.030612244897959183 0.014285714285714285 
0 0.46530612244897956 0.6938775510204082 0.014285714285714285 0.022448979591836733 
0 0.5408163265306123 0.6938775510204082 0.014285714285714285 0.022448979591836733 
0 0.6612244897959184 0.673469387755102 0.030612244897959183 0.014285714285714285 
0 0.7346938775510204 0.673469387755102 0.030612244897959183 0.0163265306122449 
0 0.7020408163265306 0.6938775510204082 0.014285714285714285 0.022448979591836733 
0 0.5959183673469388 0.673469387755102 0.02857142857142857 0.014285714285714285 
2 0.5755102040816327 0.673469387755102 0.0163265306122449 0.0163265306122449 
2 0.6142857142857143 0.673469387755102 0.0163265306122449 0.0163265306122449 
5 0.636734693877551 0.4448979591836735 0.05102040816326531 0.05102040816326531 
5 0.8285714285714286 0.40408163265306124 0.05102040816326531 0.05102040816326531 
5 0.8979591836734694 0.40408163265306124 0.05102040816326531 0.05102040816326531 
5 0.636734693877551 0.6061224489795919 0.05102040816326531 0.05102040816326531 
5 0.5959183673469388 0.736734693877551 0.05102040816326531 0.05102040816326531 
