0 0.04886561954624782 0.9338103756708408 0.02268760907504363 0.04114490161001789 
0 0.12390924956369982 0.8944543828264758 0.05235602094240838 0.026833631484794274 
0 0.2338568935427574 0.8944543828264758 0.05235602094240838 0.028622540250447227 
0 0.3647469458987784 0.8962432915921288 0.05235602094240838 0.026833631484794274 
2 0.08726003490401396 0.8944543828264758 0.027923211169284468 0.026833631484794274 
2 0.15706806282722513 0.8944543828264758 0.027923211169284468 0.025044722719141325 
0 0.3106457242582897 0.9320214669051878 0.02268760907504363 0.03935599284436494 
5 0.19546247818499127 0.778175313059034 0.08551483420593368 0.08765652951699464 
5 0.5218150087260035 0.7084078711985689 0.08726003490401396 0.08765652951699464 
5 0.643979057591623 0.7084078711985689 0.08551483420593368 0.08765652951699464 
