0 0.5205696202531646 0.17054263565891473 0.07120253164556962 0.034108527131782945 
0 0.2610759493670886 0.49767441860465117 0.0379746835443038 0.06976744186046512 
0 0.6360759493670886 0.22015503875968992 0.03164556962025317 0.05271317829457364 
0 0.8528481012658228 0.17054263565891473 0.07120253164556962 0.034108527131782945 
2 0.8085443037974683 0.16899224806201552 0.0379746835443038 0.03875968992248062 
2 0.9018987341772152 0.17054263565891473 0.03481012658227848 0.037209302325581395 
0 0.9873417721518988 0.5922480620155038 0.06962025316455696 0.037209302325581395 
0 0.7626582278481012 0.6449612403100775 0.03164556962025317 0.05116279069767442 
4 0.9493670886075949 0.5689922480620155 0.02531645569620253 0.09147286821705426 
5 0.9430379746835443 0.04806201550387597 0.11708860759493671 0.11472868217054263 
