0 0.21792260692464357 0.49075975359342916 0.09164969450101833 0.045174537987679675 
0 0.4480651731160896 0.49075975359342916 0.09164969450101833 0.045174537987679675 
0 0.34826883910386963 0.5523613963039015 0.04073319755600815 0.06776180698151951 
0 0.604887983706721 0.5544147843942505 0.04073319755600815 0.06981519507186858 
0 0.7372708757637475 0.486652977412731 0.09164969450101833 0.045174537987679675 
0 0.9307535641547862 0.4887063655030801 0.09164969450101833 0.049281314168377825 
2 0.6741344195519349 0.486652977412731 0.048879837067209775 0.045174537987679675 
2 0.7963340122199593 0.4887063655030801 0.048879837067209775 0.043121149897330596 
0 0.21792260692464357 0.9794661190965093 0.09164969450101833 0.045174537987679675 
0 0.4439918533604888 0.9794661190965093 0.09164969450101833 0.045174537987679675 
0 0.9348268839103869 0.9794661190965093 0.09164969450101833 0.045174537987679675 
0 0.7393075356415478 0.9794661190965093 0.0835030549898167 0.045174537987679675 
2 0.6802443991853361 0.9794661190965093 0.048879837067209775 0.049281314168377825 
2 0.7963340122199593 0.9815195071868583 0.048879837067209775 0.049281314168377825 
5 0.8655804480651731 0.28952772073921973 0.15071283095723015 0.15195071868583163 
5 0.8655804480651731 0.7802874743326489 0.15071283095723015 0.15195071868583163 
