0 0.4453125 0.0078125 0.013671875 0.021484375 
0 0.52734375 0.009765625 0.013671875 0.021484375 
0 0.673828125 0.0078125 0.013671875 0.021484375 
0 0.40234375 0.14453125 0.029296875 0.013671875 
0 0.474609375 0.14453125 0.029296875 0.013671875 
0 0.4453125 0.1640625 0.013671875 0.021484375 
0 0.517578125 0.1640625 0.013671875 0.021484375 
0 0.6328125 0.14453125 0.029296875 0.013671875 
0 0.703125 0.14453125 0.029296875 0.015625 
0 0.671875 0.1640625 0.013671875 0.021484375 
0 0.5703125 0.14453125 0.02734375 0.013671875 
2 0.55078125 0.14453125 0.015625 0.015625 
2 0.587890625 0.14453125 0.015625 0.015625 
0 0.90625 0.953125 0.02734375 0.013671875 
5 0.609375 0.080078125 0.048828125 0.048828125 
5 0.5703125 0.205078125 0.048828125 0.048828125 
5 0.873046875 0.861328125 0.048828125 0.048828125 
0 0.498046875 0.546875 0.015625 0.025390625 
4 0.921875 0.537109375 0.0390625 0.009765625 
4 0.96484375 0.537109375 0.037109375 0.009765625 
