0 0.4856687898089172 0.5205696202531646 0.04777070063694268 0.023734177215189875 
0 0.3105095541401274 0.7436708860759493 0.025477707006369428 0.04746835443037975 
0 0.5621019108280255 0.555379746835443 0.020700636942675158 0.03639240506329114 
0 0.7085987261146497 0.5205696202531646 0.04777070063694268 0.023734177215189875 
2 0.678343949044586 0.5189873417721519 0.025477707006369428 0.02689873417721519 
2 0.7404458598726115 0.5205696202531646 0.02388535031847134 0.02531645569620253 
0 0.8662420382165605 0.5205696202531646 0.04777070063694268 0.023734177215189875 
0 0.8121019108280255 0.555379746835443 0.022292993630573247 0.03639240506329114 
0 0.7993630573248408 0.8085443037974683 0.04617834394904458 0.02531645569620253 
0 0.6480891719745223 0.8433544303797469 0.020700636942675158 0.03481012658227848 
4 0.7738853503184714 0.7911392405063291 0.01751592356687898 0.061708860759493674 
5 0.7691082802547771 0.43670886075949367 0.07802547770700637 0.07753164556962025 
