0 0.7520661157024794 0.014729950900163666 0.021487603305785124 0.03600654664484452 
0 0.8925619834710744 0.016366612111292964 0.021487603305785124 0.03764320785597381 
0 0.6826446280991736 0.24058919803600654 0.049586776859504134 0.024549918166939442 
0 0.8049586776859504 0.24058919803600654 0.049586776859504134 0.024549918166939442 
0 0.7520661157024794 0.2765957446808511 0.021487603305785124 0.03600654664484452 
0 0.8776859504132232 0.2765957446808511 0.021487603305785124 0.03600654664484452 
0 0.9636363636363636 0.24058919803600654 0.04462809917355372 0.024549918166939442 
2 0.9322314049586777 0.24058919803600654 0.026446280991735537 0.02618657937806874 
2 0.9950413223140496 0.24222585924713586 0.026446280991735537 0.02618657937806874 
5 0.9636363636363636 0.3453355155482815 0.08099173553719008 0.08183306055646482 
0 0.8446280991735537 0.9181669394435352 0.026446280991735537 0.044189852700491 
