5 0.4439252336448598 0.6328828828828829 0.05841121495327103 0.05630630630630631 
5 0.441588785046729 0.6914414414414415 0.05841121495327103 0.05630630630630631 
5 0.7897196261682243 0.6801801801801802 0.05841121495327103 0.05630630630630631 
5 0.441588785046729 0.8716216216216216 0.05841121495327103 0.05630630630630631 
5 0.441588785046729 0.9301801801801802 0.05841121495327103 0.05630630630630631 
5 0.7897196261682243 0.918918918918919 0.05841121495327103 0.05630630630630631 
0 0.9392523364485982 0.990990990990991 0.035046728971962614 0.018018018018018018 
0 0.9392523364485982 0.9211711711711712 0.03271028037383177 0.015765765765765764 
0 0.7266355140186916 0.990990990990991 0.03271028037383177 0.015765765765765764 
0 0.34345794392523366 0.990990990990991 0.03271028037383177 0.015765765765765764 
0 0.34345794392523366 0.7522522522522522 0.03271028037383177 0.015765765765765764 
0 0.7289719626168224 0.7522522522522522 0.03271028037383177 0.015765765765765764 
