0 0.0546875 0.01953125 0.025390625 0.044921875 
0 0.34765625 0.017578125 0.025390625 0.04296875 
0 0.037109375 0.330078125 0.025390625 0.04296875 
0 0.263671875 0.287109375 0.05859375 0.029296875 
0 0.40625 0.287109375 0.05859375 0.033203125 
0 0.345703125 0.330078125 0.02734375 0.04296875 
0 0.138671875 0.287109375 0.052734375 0.029296875 
2 0.1015625 0.287109375 0.03125 0.03125 
2 0.17578125 0.2890625 0.03125 0.03125 
5 0.21875 0.16015625 0.095703125 0.095703125 
5 0.138671875 0.412109375 0.095703125 0.09765625 
