6 0.18781725888324874 0.1453287197231834 0.047377326565143825 0.031141868512110725 
6 0.2808798646362098 0.10899653979238755 0.02707275803722504 0.039792387543252594 
6 0.4433164128595601 0.36505190311418684 0.02707275803722504 0.039792387543252594 
2 0.6412859560067682 0.4031141868512111 0.02707275803722504 0.02422145328719723 
6 0.727580372250423 0.40484429065743943 0.047377326565143825 0.0328719723183391 
6 0.8240270727580372 0.36678200692041524 0.02707275803722504 0.03806228373702422 
6 0.4720812182741117 0.5501730103806228 0.047377326565143825 0.031141868512110725 
6 0.4027072758037225 0.5882352941176471 0.023688663282571912 0.03633217993079585 
6 0.5905245346869712 0.513840830449827 0.025380710659898477 0.039792387543252594 
6 0.9407783417935702 0.14705882352941177 0.050761421319796954 0.0328719723183391 
5 0.5922165820642978 0.04325259515570934 0.0829103214890017 0.0847750865051903 
0 0.5329949238578681 0.14705882352941177 0.047377326565143825 0.02422145328719723 
2 0.49915397631133673 0.14705882352941177 0.025380710659898477 0.02768166089965398 
2 0.5668358714043993 0.14705882352941177 0.025380710659898477 0.025951557093425604 
4 0.6412859560067682 0.5311418685121108 0.018612521150592216 0.06920415224913495 
