0 0.142578125 0.21484375 0.087890625 0.04296875 
0 0.28515625 0.27734375 0.0390625 0.06640625 
0 0.552734375 0.21484375 0.087890625 0.04296875 
2 0.498046875 0.212890625 0.046875 0.048828125 
2 0.61328125 0.21484375 0.04296875 0.046875 
0 0.84375 0.21484375 0.087890625 0.04296875 
0 0.744140625 0.27734375 0.041015625 0.06640625 
0 0.71875 0.74609375 0.0859375 0.046875 
0 0.44140625 0.8125 0.0390625 0.064453125 
4 0.671875 0.716796875 0.03125 0.115234375 
5 0.6640625 0.060546875 0.14453125 0.14453125 
