5 0.2454728370221328 0.0136986301369863 0.1006036217303823 0.0958904109589041 
5 0.24748490945674045 0.11545988258317025 0.09859154929577464 0.0958904109589041 
5 0.8470824949698189 0.0958904109589041 0.09859154929577464 0.0958904109589041 
5 0.24748490945674045 0.5322896281800391 0.09859154929577464 0.09784735812133072 
5 0.8450704225352113 0.5107632093933464 0.09859154929577464 0.0958904109589041 
5 0.09054325955734406 0.8454011741682974 0.1006036217303823 0.09393346379647749 
1 0.01609657947686117 0.9628180039138943 0.03822937625754527 0.029354207436399216 
0 0.7364185110663984 0.6379647749510763 0.05432595573440644 0.029354207436399216 
0 0.7364185110663984 0.22113502935420742 0.05432595573440644 0.029354207436399216 
0 0.07645875251509054 0.6379647749510763 0.05432595573440644 0.029354207436399216 
0 0.07645875251509054 0.22113502935420742 0.05432595573440644 0.029354207436399216 
