0 0.333984375 0.025390625 0.0390625 0.064453125 
0 0.580078125 0.02734375 0.0390625 0.06640625 
0 0.208984375 0.431640625 0.087890625 0.04296875 
0 0.42578125 0.431640625 0.087890625 0.04296875 
0 0.333984375 0.494140625 0.0390625 0.064453125 
0 0.5546875 0.494140625 0.0390625 0.064453125 
0 0.896484375 0.431640625 0.087890625 0.04296875 
0 0.708984375 0.431640625 0.080078125 0.04296875 
2 0.65234375 0.431640625 0.046875 0.046875 
2 0.763671875 0.43359375 0.046875 0.046875 
5 0.830078125 0.2421875 0.14453125 0.14453125 
5 0.708984375 0.6171875 0.14453125 0.146484375 
