0 0.3125 0.033203125 0.046875 0.025390625 
0 0.314453125 0.38671875 0.046875 0.025390625 
5 0.404296875 0.28125 0.080078125 0.080078125 
0 0.615234375 0.27734375 0.044921875 0.025390625 
0 0.615234375 0.384765625 0.044921875 0.025390625 
0 0.615234375 0.52734375 0.044921875 0.025390625 
0 0.650390625 0.671875 0.044921875 0.02734375 
0 0.615234375 0.81640625 0.044921875 0.025390625 
5 0.40234375 0.63671875 0.080078125 0.080078125 
0 0.314453125 0.7421875 0.046875 0.02734375 
0 0.615234375 0.95703125 0.044921875 0.029296875 
