5 0.2673913043478261 0.10964912280701754 0.10869565217391304 0.1074561403508772 
5 0.2673913043478261 0.2236842105263158 0.10652173913043478 0.1074561403508772 
5 0.9130434782608695 0.20175438596491227 0.10652173913043478 0.1074561403508772 
5 0.26521739130434785 0.5767543859649122 0.10869565217391304 0.1074561403508772 
5 0.2673913043478261 0.6907894736842105 0.10652173913043478 0.1074561403508772 
5 0.9152173913043479 0.668859649122807 0.10652173913043478 0.1074561403508772 
0 0.7956521739130434 0.8092105263157895 0.058695652173913045 0.03289473684210526 
0 0.08260869565217391 0.8092105263157895 0.058695652173913045 0.03289473684210526 
0 0.08260869565217391 0.34210526315789475 0.058695652173913045 0.03070175438596491 
0 0.7978260869565217 0.34210526315789475 0.06086956521739131 0.03070175438596491 
