0 0.04964539007092199 0.5398230088495575 0.012411347517730497 0.02654867256637168 
0 0.36524822695035464 0.5398230088495575 0.014184397163120567 0.02654867256637168 
0 0.450354609929078 0.4389380530973451 0.026595744680851064 0.012389380530973451 
0 0.4929078014184397 0.4584070796460177 0.012411347517730497 0.019469026548672566 
0 0.574468085106383 0.4389380530973451 0.026595744680851064 0.010619469026548672 
0 0.6985815602836879 0.4389380530973451 0.026595744680851064 0.01415929203539823 
0 0.6648936170212766 0.4584070796460177 0.012411347517730497 0.019469026548672566 
0 0.5620567375886525 0.5681415929203539 0.026595744680851064 0.012389380530973451 
0 0.49645390070921985 0.9716814159292035 0.026595744680851064 0.012389380530973451 
0 0.5407801418439716 0.9893805309734514 0.012411347517730497 0.019469026548672566 
0 0.6205673758865248 0.9716814159292035 0.026595744680851064 0.012389380530973451 
2 0.6046099290780141 0.9699115044247788 0.014184397163120567 0.01415929203539823 
2 0.6400709219858156 0.9716814159292035 0.012411347517730497 0.01415929203539823 
0 0.7092198581560284 0.9716814159292035 0.026595744680851064 0.012389380530973451 
0 0.6790780141843972 0.9893805309734514 0.012411347517730497 0.019469026548672566 
5 0.6542553191489362 0.9238938053097345 0.044326241134751775 0.04424778761061947 
4 0.5478723404255319 0.5575221238938053 0.008865248226950355 0.035398230088495575 
0 0.4716312056737589 0.5858407079646017 0.010638297872340425 0.019469026548672566 
2 0.5567375886524822 0.4389380530973451 0.012411347517730497 0.01415929203539823 
2 0.5921985815602837 0.4389380530973451 0.012411347517730497 0.01415929203539823 
5 0.6063829787234043 0.39469026548672564 0.044326241134751775 0.04424778761061947 
