6 0.01171875 0.412109375 0.03125 0.044921875 
2 0.240234375 0.455078125 0.03125 0.02734375 
6 0.33984375 0.45703125 0.0546875 0.037109375 
6 0.451171875 0.4140625 0.03125 0.04296875 
6 0.044921875 0.62109375 0.0546875 0.03515625 
6 0.181640625 0.580078125 0.029296875 0.044921875 
6 0.5859375 0.166015625 0.05859375 0.037109375 
6 0.90234375 0.455078125 0.0546875 0.037109375 
2 0.958984375 0.45703125 0.03125 0.03125 
5 0.18359375 0.048828125 0.095703125 0.095703125 
0 0.115234375 0.166015625 0.0546875 0.02734375 
2 0.076171875 0.166015625 0.029296875 0.03125 
2 0.154296875 0.166015625 0.029296875 0.029296875 
5 0.822265625 0.373046875 0.095703125 0.095703125 
4 0.240234375 0.599609375 0.021484375 0.078125 
