0 0.546875 0.072265625 0.029296875 0.013671875 
0 0.44140625 0.208984375 0.015625 0.029296875 
0 0.595703125 0.091796875 0.013671875 0.021484375 
0 0.68359375 0.072265625 0.029296875 0.013671875 
2 0.666015625 0.0703125 0.015625 0.015625 
2 0.705078125 0.072265625 0.013671875 0.015625 
0 0.78125 0.072265625 0.029296875 0.013671875 
0 0.748046875 0.091796875 0.013671875 0.021484375 
0 0.740234375 0.248046875 0.029296875 0.015625 
0 0.646484375 0.271484375 0.013671875 0.021484375 
0 0.15234375 0.20703125 0.013671875 0.02734375 
4 0.724609375 0.23828125 0.009765625 0.0390625 
5 0.720703125 0.01953125 0.048828125 0.048828125 
