0 0.31910569105691056 0.4748062015503876 0.06097560975609756 0.029069767441860465 
0 0.4715447154471545 0.4748062015503876 0.06097560975609756 0.029069767441860465 
0 0.40447154471544716 0.5135658914728682 0.026422764227642278 0.04263565891472868 
0 0.5772357723577236 0.5155038759689923 0.026422764227642278 0.044573643410852716 
0 0.6646341463414634 0.4728682170542636 0.06097560975609756 0.029069767441860465 
0 0.7926829268292683 0.4728682170542636 0.06097560975609756 0.031007751937984496 
0 0.9451219512195121 0.4748062015503876 0.06097560975609756 0.029069767441860465 
2 0.6219512195121951 0.4728682170542636 0.032520325203252036 0.029069767441860465 
2 0.7032520325203252 0.4728682170542636 0.032520325203252036 0.027131782945736434 
0 0.8821138211382114 0.5135658914728682 0.026422764227642278 0.04263565891472868 
0 0.31910569105691056 0.7810077519379846 0.06097560975609756 0.029069767441860465 
0 0.4695121951219512 0.7810077519379846 0.06097560975609756 0.029069767441860465 
0 0.40447154471544716 0.8236434108527132 0.026422764227642278 0.04263565891472868 
0 0.5589430894308943 0.8236434108527132 0.026422764227642278 0.04263565891472868 
0 0.7947154471544715 0.7810077519379846 0.06097560975609756 0.029069767441860465 
0 0.943089430894309 0.7810077519379846 0.06097560975609756 0.03294573643410853 
0 0.8800813008130082 0.8236434108527132 0.028455284552845527 0.04263565891472868 
0 0.6646341463414634 0.7810077519379846 0.054878048780487805 0.029069767441860465 
2 0.6260162601626016 0.7810077519379846 0.032520325203252036 0.031007751937984496 
2 0.7032520325203252 0.7829457364341085 0.032520325203252036 0.031007751937984496 
5 0.7479674796747967 0.34689922480620156 0.09959349593495935 0.09496124031007752 
5 0.7479674796747967 0.6550387596899225 0.09959349593495935 0.09496124031007752 
5 0.6646341463414634 0.9050387596899225 0.09959349593495935 0.09689922480620156 
