0 0.27491961414790994 0.0214168039538715 0.03215434083601286 0.054365733113673806 
0 0.477491961414791 0.023064250411861616 0.03215434083601286 0.05601317957166392 
0 0.8392282958199357 0.0214168039538715 0.03215434083601286 0.054365733113673806 
0 0.1720257234726688 0.3640856672158155 0.07234726688102894 0.036243822075782535 
0 0.3504823151125402 0.3640856672158155 0.07234726688102894 0.036243822075782535 
0 0.27491961414790994 0.41680395387149916 0.03215434083601286 0.054365733113673806 
0 0.4565916398713826 0.41680395387149916 0.03215434083601286 0.054365733113673806 
0 0.7379421221864951 0.3640856672158155 0.07234726688102894 0.036243822075782535 
0 0.9131832797427653 0.3640856672158155 0.07234726688102894 0.04118616144975288 
0 0.837620578778135 0.41680395387149916 0.03376205787781351 0.054365733113673806 
0 0.5836012861736335 0.3640856672158155 0.06591639871382636 0.036243822075782535 
2 0.5369774919614148 0.3640856672158155 0.03858520900321544 0.039538714991762765 
2 0.6286173633440515 0.3657331136738056 0.03858520900321544 0.039538714991762765 
5 0.6832797427652733 0.2042833607907743 0.1189710610932476 0.12191103789126853 
5 0.5836012861736335 0.5205930807248764 0.1189710610932476 0.12355848434925865 
