0 0.02258064516129032 0.4335548172757475 0.01129032258064516 0.018272425249169437 
0 0.056451612903225805 0.4152823920265781 0.024193548387096774 0.011627906976744186 
0 0.10806451612903226 0.4152823920265781 0.024193548387096774 0.013289036544850499 
0 0.1693548387096774 0.4152823920265781 0.024193548387096774 0.011627906976744186 
2 0.04032258064516129 0.4152823920265781 0.012903225806451613 0.011627906976744186 
2 0.07258064516129033 0.4152823920265781 0.012903225806451613 0.011627906976744186 
0 0.1435483870967742 0.4318936877076412 0.01129032258064516 0.018272425249169437 
0 0.014516129032258065 0.5647840531561462 0.01129032258064516 0.018272425249169437 
0 0.10967741935483871 0.5481727574750831 0.024193548387096774 0.011627906976744186 
0 0.16774193548387098 0.5481727574750831 0.024193548387096774 0.013289036544850499 
0 0.14193548387096774 0.5647840531561462 0.01129032258064516 0.018272425249169437 
0 0.05806451612903226 0.5481727574750831 0.02258064516129032 0.011627906976744186 
2 0.041935483870967745 0.5481727574750831 0.012903225806451613 0.013289036544850499 
2 0.07258064516129033 0.5481727574750831 0.012903225806451613 0.013289036544850499 
5 0.09032258064516129 0.36212624584717606 0.04032258064516129 0.04152823920265781 
5 0.24193548387096775 0.3289036544850498 0.04032258064516129 0.04152823920265781 
5 0.2967741935483871 0.3289036544850498 0.04032258064516129 0.04152823920265781 
5 0.09032258064516129 0.49335548172757476 0.04032258064516129 0.04152823920265781 
5 0.05806451612903226 0.5996677740863787 0.04032258064516129 0.04152823920265781 
0 0.7241935483870968 0.7873754152823921 0.01129032258064516 0.024916943521594685 
4 0.34838709677419355 0.8820598006644518 0.03225806451612903 0.008305647840531562 
4 0.38387096774193546 0.8820598006644518 0.03064516129032258 0.008305647840531562 
