0 0.298828125 0.7265625 0.044921875 0.025390625 
5 0.439453125 0.634765625 0.080078125 0.080078125 
5 0.27734375 0.42578125 0.08203125 0.08203125 
1 0.212890625 0.5234375 0.03125 0.025390625 
0 0.263671875 0.244140625 0.044921875 0.025390625 
5 0.404296875 0.15625 0.080078125 0.080078125 
5 0.90234375 0.13671875 0.080078125 0.080078125 
0 0.814453125 0.2421875 0.046875 0.02734375 
5 0.955078125 0.669921875 0.080078125 0.080078125 
0 0.8125 0.7578125 0.046875 0.02734375 
1 0.7265625 0.55859375 0.03125 0.025390625 
