0 0.3926247288503254 0.175 0.03253796095444685 0.015909090909090907 
0 0.43817787418655096 0.19772727272727272 0.015184381778741865 0.025 
0 0.49023861171366595 0.21818181818181817 0.01735357917570499 0.031818181818181815 
0 0.596529284164859 0.1409090909090909 0.01735357917570499 0.031818181818181815 
0 0.9804772234273319 0.10454545454545454 0.015184381778741865 0.03409090909090909 
2 0.9067245119305857 0.14772727272727273 0.015184381778741865 0.015909090909090907 
0 0.3947939262472885 0.9022727272727272 0.03036876355748373 0.015909090909090907 
0 0.5010845986984815 0.9454545454545454 0.015184381778741865 0.03409090909090909 
0 0.44468546637744033 0.9272727272727272 0.013015184381778741 0.025 
0 0.6095444685466378 0.8613636363636363 0.015184381778741865 0.029545454545454545 
2 0.9088937093275488 0.8727272727272727 0.015184381778741865 0.01818181818181818 
5 0.9804772234273319 0.03636363636363636 0.05422993492407809 0.056818181818181816 
5 0.596529284164859 0.06818181818181818 0.05422993492407809 0.056818181818181816 
5 0.6095444685466378 0.7954545454545454 0.05422993492407809 0.05909090909090909 
