0 0.080078125 0.02734375 0.0390625 0.06640625 
0 0.51953125 0.025390625 0.0390625 0.064453125 
0 0.0546875 0.494140625 0.0390625 0.064453125 
0 0.396484375 0.431640625 0.087890625 0.04296875 
0 0.609375 0.431640625 0.087890625 0.048828125 
0 0.517578125 0.494140625 0.041015625 0.064453125 
0 0.208984375 0.431640625 0.080078125 0.04296875 
2 0.15234375 0.431640625 0.046875 0.046875 
2 0.263671875 0.43359375 0.046875 0.046875 
5 0.330078125 0.2421875 0.14453125 0.14453125 
5 0.208984375 0.6171875 0.14453125 0.146484375 
