6 0.6036184210526315 0.1344 0.046052631578947366 0.0288 
6 0.694078947368421 0.1008 0.02631578947368421 0.0368 
6 0.8519736842105263 0.3376 0.02631578947368421 0.0368 
6 0.8799342105263158 0.5088 0.046052631578947366 0.0288 
6 0.8125 0.544 0.023026315789473683 0.0336 
6 0.9950657894736842 0.4752 0.024671052631578948 0.0368 
5 0.9967105263157895 0.04 0.0805921052631579 0.0784 
0 0.9391447368421053 0.136 0.046052631578947366 0.0224 
2 0.90625 0.136 0.024671052631578948 0.0256 
2 0.9720394736842105 0.136 0.024671052631578948 0.024 
