0 0.06278026905829596 0.11316397228637413 0.01569506726457399 0.03464203233256351 
0 0.4618834080717489 0.11316397228637413 0.017937219730941704 0.03464203233256351 
0 0.6233183856502242 0.006928406466512702 0.01569506726457399 0.025404157043879907 
0 0.8408071748878924 0.006928406466512702 0.01569506726457399 0.025404157043879907 
0 0.7107623318385651 0.15011547344110854 0.033632286995515695 0.016166281755196306 
0 0.6278026905829597 0.6766743648960739 0.033632286995515695 0.016166281755196306 
0 0.5067264573991032 0.8383371824480369 0.017937219730941704 0.03464203233256351 
0 0.6838565022421524 0.6997690531177829 0.01569506726457399 0.025404157043879907 
0 0.7847533632286996 0.6766743648960739 0.033632286995515695 0.016166281755196306 
2 0.7645739910313901 0.674364896073903 0.017937219730941704 0.018475750577367205 
2 0.8094170403587444 0.6766743648960739 0.01569506726457399 0.018475750577367205 
0 0.8968609865470852 0.6766743648960739 0.033632286995515695 0.016166281755196306 
0 0.8587443946188341 0.6997690531177829 0.01569506726457399 0.025404157043879907 
0 0.8497757847533632 0.8845265588914549 0.033632286995515695 0.018475750577367205 
0 0.742152466367713 0.9122401847575058 0.01569506726457399 0.025404157043879907 
0 0.17488789237668162 0.836027713625866 0.01569506726457399 0.03233256351039261 
4 0.8318385650224215 0.8729792147806005 0.011210762331838564 0.046189376443418015 
5 0.827354260089686 0.6143187066974596 0.05605381165919283 0.057736720554272515 
4 0.6928251121076233 0.13625866050808313 0.011210762331838564 0.046189376443418015 
0 0.5964125560538116 0.17321016166281755 0.013452914798206279 0.025404157043879907 
