0 0.07612456747404844 0.47377938517179025 0.02249134948096886 0.039783001808318265 
0 0.23356401384083045 0.43399638336347196 0.05190311418685121 0.023508137432188065 
0 0.4757785467128028 0.43399638336347196 0.05190311418685121 0.03074141048824593 
0 0.4117647058823529 0.47377938517179025 0.02249134948096886 0.039783001808318265 
0 0.2093425605536332 0.6962025316455697 0.05190311418685121 0.02531645569620253 
4 0.185121107266436 0.6763110307414105 0.01903114186851211 0.07233273056057866 
0 0.03460207612456748 0.7341772151898734 0.020761245674740483 0.04159132007233273 
2 0.20069204152249134 0.43399638336347196 0.025951557093425604 0.03074141048824593 
2 0.2698961937716263 0.43399638336347196 0.025951557093425604 0.028933092224231464 
5 0.2975778546712803 0.3453887884267631 0.08650519031141868 0.09041591320072333 
