0 0.7274826789838337 0.029978586723768737 0.053117782909930716 0.027837259100642397 
0 0.76905311778291 0.18843683083511778 0.053117782909930716 0.029978586723768737 
0 0.7274826789838337 0.3468950749464668 0.053117782909930716 0.027837259100642397 
5 0.47575057736720555 0.14989293361884368 0.09468822170900693 0.08779443254817987 
0 0.371824480369515 0.26552462526766596 0.05542725173210162 0.029978586723768737 
0 0.7274826789838337 0.5010706638115632 0.053117782909930716 0.032119914346895075 
1 0.7274826789838337 0.702355460385439 0.053117782909930716 0.03854389721627409 
5 0.5381062355658198 0.734475374732334 0.09468822170900693 0.08779443254817987 
0 0.3695150115473441 0.8308351177730193 0.05542725173210162 0.029978586723768737 
1 0.2678983833718245 0.6124197002141327 0.03695150115473441 0.027837259100642397 
