0 0.45982142857142855 0.573394495412844 0.033482142857142856 0.016055045871559634 
0 0.5446428571428571 0.573394495412844 0.033482142857142856 0.016055045871559634 
0 0.5089285714285714 0.5963302752293578 0.015625 0.02522935779816514 
0 0.6026785714285714 0.5986238532110092 0.015625 0.02522935779816514 
0 0.6495535714285714 0.573394495412844 0.033482142857142856 0.016055045871559634 
0 0.7209821428571429 0.573394495412844 0.033482142857142856 0.01834862385321101 
0 0.8058035714285714 0.573394495412844 0.033482142857142856 0.016055045871559634 
2 0.6272321428571429 0.573394495412844 0.017857142857142856 0.016055045871559634 
2 0.671875 0.573394495412844 0.017857142857142856 0.016055045871559634 
0 0.7700892857142857 0.5963302752293578 0.015625 0.02522935779816514 
0 0.45982142857142855 0.7568807339449541 0.033482142857142856 0.016055045871559634 
0 0.5424107142857143 0.7568807339449541 0.033482142857142856 0.016055045871559634 
0 0.5089285714285714 0.7798165137614679 0.015625 0.02522935779816514 
0 0.5915178571428571 0.7798165137614679 0.015625 0.02522935779816514 
0 0.7232142857142857 0.7568807339449541 0.033482142857142856 0.016055045871559634 
0 0.8035714285714286 0.7568807339449541 0.033482142857142856 0.01834862385321101 
0 0.7678571428571429 0.7798165137614679 0.015625 0.02522935779816514 
0 0.6517857142857143 0.7568807339449541 0.03125 0.016055045871559634 
2 0.6294642857142857 0.7568807339449541 0.017857142857142856 0.01834862385321101 
2 0.671875 0.7568807339449541 0.017857142857142856 0.01834862385321101 
5 0.6964285714285714 0.5 0.05580357142857143 0.05733944954128441 
5 0.90625 0.4541284403669725 0.05580357142857143 0.05733944954128441 
5 0.9821428571428571 0.4541284403669725 0.05580357142857143 0.05733944954128441 
5 0.6964285714285714 0.6811926605504587 0.05580357142857143 0.05733944954128441 
5 0.6517857142857143 0.8279816513761468 0.05580357142857143 0.05733944954128441 
