0 0.3046875 0.693359375 0.03125 0.056640625 
0 0.4921875 0.46875 0.05859375 0.029296875 
0 0.5859375 0.51171875 0.025390625 0.04296875 
0 0.763671875 0.46875 0.05859375 0.025390625 
0 0.96484375 0.51171875 0.025390625 0.04296875 
0 0.736328125 0.751953125 0.05859375 0.02734375 
4 0.708984375 0.73046875 0.021484375 0.078125 
0 0.5390625 0.79296875 0.0234375 0.044921875 
2 0.7265625 0.46875 0.029296875 0.033203125 
2 0.8046875 0.46875 0.029296875 0.03125 
5 0.8359375 0.373046875 0.09765625 0.09765625 
