2 0.494140625 0.02734375 0.021484375 0.021484375 
5 0.1484375 0.408203125 0.046875 0.046875 
5 0.197265625 0.43359375 0.046875 0.046875 
5 0.244140625 0.451171875 0.046875 0.044921875 
5 0.150390625 0.458984375 0.046875 0.044921875 
5 0.099609375 0.47265625 0.046875 0.044921875 
5 0.125 0.52734375 0.046875 0.046875 
5 0.244140625 0.50390625 0.046875 0.046875 
5 0.244140625 0.55859375 0.046875 0.046875 
5 0.09375 0.578125 0.046875 0.046875 
5 0.337890625 0.474609375 0.046875 0.044921875 
5 0.337890625 0.53515625 0.046875 0.046875 
2 0.48828125 0.744140625 0.021484375 0.0234375 
5 0.33203125 0.91796875 0.046875 0.046875 
5 0.33203125 0.96484375 0.046875 0.046875 
5 0.376953125 0.96484375 0.046875 0.046875 
