2 0.994140625 0.02734375 0.021484375 0.021484375 
5 0.6484375 0.408203125 0.046875 0.046875 
5 0.697265625 0.43359375 0.046875 0.046875 
5 0.744140625 0.451171875 0.046875 0.044921875 
5 0.650390625 0.458984375 0.046875 0.044921875 
5 0.599609375 0.47265625 0.046875 0.044921875 
5 0.625 0.52734375 0.046875 0.046875 
5 0.744140625 0.50390625 0.046875 0.046875 
5 0.744140625 0.55859375 0.046875 0.046875 
5 0.59375 0.578125 0.046875 0.046875 
5 0.837890625 0.474609375 0.046875 0.044921875 
5 0.837890625 0.53515625 0.046875 0.046875 
2 0.98828125 0.744140625 0.021484375 0.0234375 
5 0.83203125 0.91796875 0.046875 0.046875 
5 0.83203125 0.96484375 0.046875 0.046875 
5 0.876953125 0.96484375 0.046875 0.046875 
3 0.193359375 0.58984375 0.01953125 0.033203125 
3 0.21484375 0.65625 0.021484375 0.033203125 
3 0.23828125 0.72265625 0.01953125 0.033203125 
3 0.298828125 0.796875 0.03125 0.021484375 
3 0.2421875 0.00390625 0.01953125 0.033203125 
3 0.302734375 0.078125 0.03125 0.01953125 
