2 0.3569023569023569 0.5694200351493849 0.016835016835016835 0.019332161687170474 
5 0.9949494949494949 0.6221441124780316 0.04040404040404041 0.0421792618629174 
5 0.9528619528619529 0.6818980667838312 0.04040404040404041 0.0421792618629174 
5 0.9966329966329966 0.6695957820738138 0.04040404040404041 0.040421792618629174 
5 0.9747474747474747 0.7311072056239016 0.04040404040404041 0.0421792618629174 
5 0.9646464646464646 0.8295254833040422 0.04040404040404041 0.0421792618629174 
3 0.6026936026936027 0.7855887521968365 0.016835016835016835 0.028119507908611598 
3 0.6212121212121212 0.843585237258348 0.016835016835016835 0.029876977152899824 
3 0.6397306397306397 0.9033391915641477 0.016835016835016835 0.029876977152899824 
3 0.6919191919191919 0.9701230228471002 0.026936026936026935 0.01757469244288225 
