5 0.654296875 0.69140625 0.046875 0.046875 
5 0.60546875 0.7578125 0.046875 0.046875 
5 0.65625 0.744140625 0.046875 0.044921875 
5 0.703125 0.716796875 0.046875 0.044921875 
5 0.751953125 0.734375 0.044921875 0.046875 
5 0.751953125 0.7890625 0.046875 0.046875 
5 0.751953125 0.84375 0.046875 0.046875 
5 0.630859375 0.8125 0.046875 0.046875 
5 0.619140625 0.921875 0.046875 0.046875 
5 0.84375 0.7578125 0.044921875 0.046875 
5 0.84375 0.818359375 0.044921875 0.046875 
3 0.19921875 0.873046875 0.01953125 0.03125 
3 0.220703125 0.9375 0.01953125 0.033203125 
