5 0.29296875 0.314453125 0.091796875 0.091796875 
5 0.392578125 0.365234375 0.091796875 0.091796875 
5 0.486328125 0.400390625 0.091796875 0.08984375 
5 0.296875 0.41796875 0.091796875 0.087890625 
5 0.1953125 0.4453125 0.091796875 0.08984375 
5 0.248046875 0.552734375 0.091796875 0.09375 
5 0.486328125 0.5078125 0.091796875 0.091796875 
5 0.486328125 0.6171875 0.09375 0.091796875 
5 0.185546875 0.654296875 0.091796875 0.09375 
5 0.673828125 0.447265625 0.09375 0.08984375 
5 0.673828125 0.568359375 0.09375 0.091796875 
2 0.974609375 0.986328125 0.041015625 0.046875 
