5 0.14988290398126464 0.03225806451612903 0.05620608899297424 0.055299539170506916 
5 0.2927400468384075 0.004608294930875576 0.05620608899297424 0.055299539170506916 
5 0.2927400468384075 0.06912442396313365 0.05620608899297424 0.055299539170506916 
5 0.11241217798594848 0.09216589861751152 0.05620608899297424 0.055299539170506916 
5 0.405152224824356 0.041474654377880185 0.05620608899297424 0.055299539170506916 
2 0.585480093676815 0.2880184331797235 0.02576112412177986 0.027649769585253458 
5 0.3981264637002342 0.4930875576036866 0.05620608899297424 0.055299539170506916 
5 0.3981264637002342 0.5483870967741935 0.05620608899297424 0.055299539170506916 
5 0.4519906323185012 0.5483870967741935 0.05620608899297424 0.055299539170506916 
5 0.1990632318501171 0.8870967741935484 0.05620608899297424 0.055299539170506916 
5 0.2529274004683841 0.8870967741935484 0.05620608899297424 0.052995391705069124 
