2 0.5938967136150235 0.03125 0.025821596244131457 0.024553571428571428 
5 0.1784037558685446 0.46651785714285715 0.056338028169014086 0.05357142857142857 
5 0.23708920187793428 0.4955357142857143 0.056338028169014086 0.05357142857142857 
5 0.2934272300469484 0.515625 0.056338028169014086 0.05133928571428571 
5 0.1807511737089202 0.5245535714285714 0.056338028169014086 0.05133928571428571 
5 0.11971830985915492 0.5401785714285714 0.056338028169014086 0.05133928571428571 
5 0.15023474178403756 0.6026785714285714 0.056338028169014086 0.05357142857142857 
5 0.2934272300469484 0.5758928571428571 0.056338028169014086 0.05357142857142857 
5 0.2934272300469484 0.6383928571428571 0.056338028169014086 0.05357142857142857 
5 0.11267605633802817 0.6607142857142857 0.056338028169014086 0.05357142857142857 
5 0.4061032863849765 0.5424107142857143 0.056338028169014086 0.05133928571428571 
5 0.4061032863849765 0.6116071428571429 0.056338028169014086 0.05357142857142857 
2 0.5868544600938967 0.8504464285714286 0.025821596244131457 0.026785714285714284 
