5 0.20256410256410257 0.1917808219178082 0.06153846153846154 0.046966731898238745 
5 0.13846153846153847 0.2583170254403131 0.06153846153846154 0.046966731898238745 
5 0.20512820512820512 0.2446183953033268 0.06153846153846154 0.04500978473581213 
5 0.26666666666666666 0.2172211350293542 0.06153846153846154 0.04500978473581213 
5 0.33076923076923076 0.23483365949119372 0.05897435897435897 0.046966731898238745 
5 0.33076923076923076 0.2896281800391389 0.06153846153846154 0.046966731898238745 
5 0.33076923076923076 0.34442270058708413 0.06153846153846154 0.046966731898238745 
5 0.1717948717948718 0.3131115459882583 0.06153846153846154 0.046966731898238745 
5 0.1564102564102564 0.4227005870841487 0.06153846153846154 0.046966731898238745 
5 0.4512820512820513 0.2583170254403131 0.05897435897435897 0.046966731898238745 
5 0.4512820512820513 0.31898238747553814 0.05897435897435897 0.046966731898238745 
2 0.6487179487179487 0.5283757338551859 0.028205128205128206 0.021526418786692758 
5 0.19487179487179487 0.9099804305283757 0.06153846153846154 0.046966731898238745 
5 0.258974358974359 0.9354207436399217 0.06153846153846154 0.046966731898238745 
5 0.32051282051282054 0.9530332681017613 0.06153846153846154 0.04500978473581213 
5 0.19743589743589743 0.9608610567514677 0.06153846153846154 0.04500978473581213 
5 0.13076923076923078 0.974559686888454 0.06153846153846154 0.04500978473581213 
5 0.44358974358974357 0.9765166340508806 0.06153846153846154 0.04500978473581213 
