3 0.4683954619124797 0.0033112582781456954 0.01620745542949757 0.028145695364238412 
3 0.4165316045380875 0.06622516556291391 0.029173419773095625 0.018211920529801324 
5 0.05348460291734198 0.38079470198675497 0.03889789303079417 0.0380794701986755 
5 0.09238249594813615 0.3658940397350993 0.03889789303079417 0.039735099337748346 
5 0.13290113452188007 0.3443708609271523 0.03889789303079417 0.039735099337748346 
5 0.1312803889789303 0.3890728476821192 0.03889789303079417 0.0380794701986755 
5 0.17341977309562398 0.3990066225165563 0.03889789303079417 0.0380794701986755 
5 0.15235008103727715 0.44370860927152317 0.03889789303079417 0.039735099337748346 
5 0.05348460291734198 0.423841059602649 0.03889789303079417 0.039735099337748346 
5 0.05186385737439222 0.47019867549668876 0.04051863857374392 0.041390728476821195 
5 0.17828200972447325 0.48841059602649006 0.03889789303079417 0.039735099337748346 
3 0.4213938411669368 0.6754966887417219 0.02593192868719611 0.016556291390728478 
3 0.473257698541329 0.6109271523178808 0.01620745542949757 0.028145695364238412 
3 0.48946515397082657 0.5529801324503312 0.01620745542949757 0.028145695364238412 
3 0.5056726094003241 0.49834437086092714 0.017828200972447326 0.028145695364238412 
0 0.9270664505672609 0.4652317880794702 0.02593192868719611 0.018211920529801324 
