5 0.626953125 0.396484375 0.09375 0.08984375 
5 0.72265625 0.361328125 0.091796875 0.091796875 
5 0.8203125 0.310546875 0.09375 0.09375 
5 0.818359375 0.416015625 0.091796875 0.08984375 
5 0.919921875 0.44140625 0.091796875 0.08984375 
5 0.8671875 0.546875 0.091796875 0.09375 
5 0.626953125 0.5 0.09375 0.09375 
5 0.625 0.607421875 0.095703125 0.095703125 
5 0.931640625 0.65234375 0.091796875 0.09375 
5 0.44140625 0.44140625 0.091796875 0.08984375 
5 0.44140625 0.5625 0.091796875 0.09375 
2 0.13671875 0.978515625 0.04296875 0.041015625 
