5 0.46771037181996084 0.26104417670682734 0.046966731898238745 0.04819277108433735 
5 0.4657534246575342 0.3232931726907631 0.046966731898238745 0.04819277108433735 
5 0.5596868884540117 0.2931726907630522 0.046966731898238745 0.04819277108433735 
5 0.5596868884540117 0.23694779116465864 0.046966731898238745 0.04819277108433735 
5 0.6086105675146771 0.21887550200803213 0.046966731898238745 0.04819277108433735 
5 0.6575342465753424 0.1927710843373494 0.046966731898238745 0.04819277108433735 
5 0.6555772994129159 0.2469879518072289 0.046966731898238745 0.04819277108433735 
5 0.7064579256360078 0.26104417670682734 0.04892367906066536 0.04819277108433735 
5 0.5596868884540117 0.3473895582329317 0.046966731898238745 0.04819277108433735 
5 0.6810176125244618 0.3172690763052209 0.046966731898238745 0.04819277108433735 
5 0.7123287671232876 0.36947791164658633 0.046966731898238745 0.04819277108433735 
5 0.5655577299412916 0.9759036144578314 0.046966731898238745 0.04618473895582329 
5 0.6125244618395304 0.9578313253012049 0.046966731898238745 0.04819277108433735 
5 0.6614481409001957 0.9317269076305221 0.046966731898238745 0.04819277108433735 
5 0.6594911937377691 0.9859437751004017 0.046966731898238745 0.04618473895582329 
5 0.7103718199608611 0.9979919678714859 0.046966731898238745 0.04618473895582329 
5 0.47162426614481406 0.9979919678714859 0.046966731898238745 0.04618473895582329 
2 0.3150684931506849 0.5381526104417671 0.021526418786692758 0.02208835341365462 
