5 0.6707070707070707 0.4074074074074074 0.048484848484848485 0.04678362573099415 
5 0.7212121212121212 0.4327485380116959 0.048484848484848485 0.04678362573099415 
5 0.7696969696969697 0.4502923976608187 0.048484848484848485 0.04483430799220273 
5 0.6727272727272727 0.4580896686159844 0.048484848484848485 0.04483430799220273 
5 0.6202020202020202 0.47173489278752434 0.048484848484848485 0.04483430799220273 
5 0.6464646464646465 0.5263157894736842 0.048484848484848485 0.04678362573099415 
5 0.7696969696969697 0.5029239766081871 0.048484848484848485 0.04678362573099415 
5 0.7696969696969697 0.557504873294347 0.048484848484848485 0.04678362573099415 
5 0.6141414141414141 0.5769980506822612 0.048484848484848485 0.04678362573099415 
5 0.8666666666666667 0.47368421052631576 0.048484848484848485 0.04483430799220273 
5 0.8666666666666667 0.5341130604288499 0.048484848484848485 0.04678362573099415 
5 0.8606060606060606 0.9161793372319688 0.048484848484848485 0.04678362573099415 
5 0.8606060606060606 0.9629629629629629 0.048484848484848485 0.04678362573099415 
5 0.907070707070707 0.9629629629629629 0.048484848484848485 0.04678362573099415 
3 0.2 0.5886939571150097 0.020202020202020204 0.03313840155945419 
3 0.2222222222222222 0.6549707602339181 0.022222222222222223 0.03313840155945419 
3 0.24646464646464647 0.7212475633528265 0.020202020202020204 0.03313840155945419 
3 0.3090909090909091 0.7953216374269005 0.03232323232323232 0.021442495126705652 
3 0.2505050505050505 0.003898635477582846 0.020202020202020204 0.03313840155945419 
3 0.31313131313131315 0.07797270955165692 0.03232323232323232 0.01949317738791423 
