5 0.3771331058020478 0.45869947275922673 0.08020477815699659 0.08260105448154657 
5 0.3771331058020478 0.5659050966608085 0.08020477815699659 0.0843585237258348 
5 0.5392491467576792 0.5114235500878734 0.08020477815699659 0.08260105448154657 
5 0.5392491467576792 0.4165202108963093 0.08191126279863481 0.08260105448154657 
5 0.6228668941979523 0.38312829525483305 0.08191126279863481 0.0843585237258348 
5 0.7098976109215017 0.3374340949033392 0.08191126279863481 0.08260105448154657 
5 0.7064846416382252 0.43409490333919154 0.08020477815699659 0.08260105448154657 
5 0.7952218430034129 0.45694200351493847 0.08361774744027303 0.0843585237258348 
5 0.5392491467576792 0.6080843585237259 0.08191126279863481 0.0843585237258348 
5 0.7491467576791809 0.5553602811950791 0.08020477815699659 0.0843585237258348 
5 0.8054607508532423 0.6467486818980668 0.08191126279863481 0.0843585237258348 
2 0.11262798634812286 0.9402460456942003 0.03754266211604096 0.03690685413005272 
