5 0.427536231884058 0.0627177700348432 0.12681159420289856 0.1254355400696864 
5 0.29347826086956524 0.24041811846689895 0.13043478260869565 0.1254355400696864 
5 0.43478260869565216 0.2073170731707317 0.13043478260869565 0.12020905923344948 
5 0.5634057971014492 0.13414634146341464 0.12681159420289856 0.12020905923344948 
5 0.697463768115942 0.18118466898954705 0.125 0.1254355400696864 
5 0.6956521739130435 0.32578397212543553 0.12681159420289856 0.12195121951219512 
5 0.6956521739130435 0.47038327526132406 0.12681159420289856 0.1254355400696864 
5 0.36231884057971014 0.3867595818815331 0.12681159420289856 0.1254355400696864 
5 0.32608695652173914 0.6829268292682927 0.12681159420289856 0.1254355400696864 
5 0.9528985507246377 0.2456445993031359 0.125 0.12195121951219512 
5 0.9528985507246377 0.4059233449477352 0.125 0.1254355400696864 
