5 0.154296875 0.19140625 0.046875 0.046875 
5 0.10546875 0.2578125 0.046875 0.046875 
5 0.15625 0.244140625 0.046875 0.044921875 
5 0.203125 0.216796875 0.046875 0.044921875 
5 0.251953125 0.234375 0.044921875 0.046875 
5 0.251953125 0.2890625 0.046875 0.046875 
5 0.251953125 0.34375 0.046875 0.046875 
5 0.130859375 0.3125 0.046875 0.046875 
5 0.119140625 0.421875 0.046875 0.046875 
5 0.34375 0.2578125 0.044921875 0.046875 
5 0.34375 0.318359375 0.044921875 0.046875 
2 0.494140625 0.52734375 0.021484375 0.021484375 
5 0.1484375 0.908203125 0.046875 0.046875 
5 0.197265625 0.93359375 0.046875 0.046875 
5 0.244140625 0.951171875 0.046875 0.044921875 
5 0.150390625 0.958984375 0.046875 0.044921875 
5 0.099609375 0.97265625 0.046875 0.044921875 
5 0.337890625 0.974609375 0.046875 0.044921875 
