5 0.6673306772908366 0.686046511627907 0.04780876494023904 0.046511627906976744 
5 0.6175298804780877 0.751937984496124 0.04780876494023904 0.046511627906976744 
5 0.6693227091633466 0.7383720930232558 0.04780876494023904 0.044573643410852716 
5 0.7171314741035857 0.7112403100775194 0.04780876494023904 0.044573643410852716 
5 0.7669322709163346 0.7286821705426356 0.045816733067729085 0.046511627906976744 
5 0.7669322709163346 0.7829457364341085 0.04780876494023904 0.046511627906976744 
5 0.7669322709163346 0.8372093023255814 0.04780876494023904 0.046511627906976744 
5 0.6434262948207171 0.8062015503875969 0.04780876494023904 0.046511627906976744 
5 0.6314741035856574 0.9147286821705426 0.04780876494023904 0.046511627906976744 
5 0.8605577689243028 0.751937984496124 0.045816733067729085 0.046511627906976744 
5 0.8605577689243028 0.812015503875969 0.045816733067729085 0.046511627906976744 
3 0.20318725099601595 0.8662790697674418 0.0199203187250996 0.031007751937984496 
3 0.2250996015936255 0.9302325581395349 0.0199203187250996 0.03294573643410853 
3 0.24701195219123506 0.9961240310077519 0.0199203187250996 0.03294573643410853 
