3 0.9490968801313628 0.006825938566552901 0.03284072249589491 0.05631399317406143 
3 0.8423645320197044 0.13822525597269625 0.05747126436781609 0.03583617747440273 
5 0.10673234811165845 0.7832764505119454 0.07881773399014778 0.07849829351535836 
5 0.18719211822660098 0.7525597269624573 0.07717569786535304 0.08020477815699659 
5 0.26929392446633826 0.7081911262798635 0.07881773399014778 0.08191126279863481 
5 0.2676518883415435 0.8003412969283277 0.07717569786535304 0.07849829351535836 
5 0.3530377668308703 0.8225255972696246 0.07717569786535304 0.07849829351535836 
5 0.30870279146141216 0.9146757679180887 0.07717569786535304 0.08191126279863481 
5 0.10673234811165845 0.8737201365187713 0.07881773399014778 0.08191126279863481 
5 0.10509031198686371 0.9675767918088737 0.08045977011494253 0.08361774744027303 
