3 0.6787762906309751 0.593320235756385 0.019120458891013385 0.03339882121807466 
3 0.6998087954110899 0.6601178781925344 0.021032504780114723 0.03339882121807466 
3 0.722753346080306 0.7269155206286837 0.019120458891013385 0.03339882121807466 
3 0.7820267686424475 0.8015717092337917 0.030592734225621414 0.021611001964636542 
2 0.15296367112810708 0.41453831041257366 0.019120458891013385 0.021611001964636542 
3 0.15296367112810708 0.3379174852652259 0.019120458891013385 0.03143418467583497 
3 0.06692160611854685 0.27897838899803534 0.032504780114722756 0.021611001964636542 
3 0.24665391969407266 0.1237721021611002 0.019120458891013385 0.03339882121807466 
3 0.7265774378585086 0.003929273084479371 0.019120458891013385 0.03339882121807466 
3 0.7858508604206501 0.07858546168958742 0.030592734225621414 0.019646365422396856 
