5 0.05859375 0.28515625 0.046875 0.046875 
5 0.05859375 0.23046875 0.046875 0.046875 
5 0.107421875 0.212890625 0.046875 0.046875 
5 0.15625 0.1875 0.046875 0.046875 
5 0.154296875 0.240234375 0.046875 0.046875 
5 0.205078125 0.25390625 0.048828125 0.046875 
5 0.05859375 0.337890625 0.046875 0.046875 
5 0.1796875 0.30859375 0.046875 0.046875 
5 0.2109375 0.359375 0.046875 0.046875 
3 0.609375 0.373046875 0.021484375 0.033203125 
3 0.587890625 0.439453125 0.01953125 0.033203125 
3 0.564453125 0.50390625 0.01953125 0.033203125 
3 0.501953125 0.578125 0.03515625 0.021484375 
5 0.064453125 0.94921875 0.046875 0.044921875 
5 0.111328125 0.931640625 0.046875 0.046875 
5 0.16015625 0.90625 0.046875 0.046875 
5 0.158203125 0.958984375 0.046875 0.044921875 
5 0.208984375 0.970703125 0.046875 0.044921875 
2 0.8984375 0.1328125 0.01953125 0.021484375 
