5 0.5063559322033898 0.7991718426501035 0.05084745762711865 0.049689440993788817 
5 0.5042372881355932 0.8633540372670807 0.05084745762711865 0.049689440993788817 
5 0.6059322033898306 0.8322981366459627 0.05084745762711865 0.049689440993788817 
5 0.6059322033898306 0.7743271221532091 0.05084745762711865 0.049689440993788817 
5 0.6588983050847458 0.7556935817805382 0.05084745762711865 0.049689440993788817 
5 0.711864406779661 0.7287784679089027 0.05084745762711865 0.049689440993788817 
5 0.7097457627118644 0.7846790890269151 0.05084745762711865 0.049689440993788817 
5 0.7648305084745762 0.7991718426501035 0.05296610169491525 0.049689440993788817 
5 0.6059322033898306 0.8881987577639752 0.05084745762711865 0.049689440993788817 
5 0.7372881355932204 0.8571428571428571 0.05084745762711865 0.049689440993788817 
5 0.7711864406779662 0.9109730848861284 0.05084745762711865 0.049689440993788817 
