3 0.10707456978967496 0.3701550387596899 0.021032504780114723 0.03294573643410853 
3 0.08604206500956023 0.436046511627907 0.019120458891013385 0.03294573643410853 
3 0.06309751434034416 0.5 0.019120458891013385 0.03294573643410853 
3 0.0019120458891013384 0.5736434108527132 0.03441682600382409 0.02131782945736434 
5 0.6080305927342257 0.4573643410852713 0.04780114722753346 0.046511627906976744 
5 0.6500956022944551 0.4573643410852713 0.04397705544933078 0.044573643410852716 
5 0.9426386233269598 0.10465116279069768 0.045889101338432124 0.046511627906976744 
2 0.8852772466539197 0.3333333333333333 0.019120458891013385 0.02131782945736434 
3 0.8852772466539197 0.37790697674418605 0.021032504780114723 0.03294573643410853 
2 0.8852772466539197 0.42441860465116277 0.021032504780114723 0.02131782945736434 
3 0.858508604206501 0.5813953488372093 0.017208413001912046 0.031007751937984496 
3 0.9120458891013384 0.5813953488372093 0.019120458891013385 0.03294573643410853 
2 0.390057361376673 0.13178294573643412 0.019120458891013385 0.02131782945736434 
