3 0.10566037735849057 0.8083182640144665 0.020754716981132074 0.03074141048824593 
3 0.08490566037735849 0.8698010849909584 0.018867924528301886 0.03074141048824593 
3 0.062264150943396226 0.9294755877034359 0.018867924528301886 0.03074141048824593 
3 0.0018867924528301887 0.9981916817359855 0.033962264150943396 0.019891500904159132 
5 0.6 0.8896925858951176 0.04716981132075472 0.0433996383363472 
5 0.6415094339622641 0.8896925858951176 0.04339622641509434 0.04159132007233273 
5 0.930188679245283 0.5605786618444847 0.045283018867924525 0.0433996383363472 
2 0.8735849056603774 0.7739602169981917 0.018867924528301886 0.019891500904159132 
3 0.8735849056603774 0.8155515370705244 0.020754716981132074 0.03074141048824593 
2 0.8735849056603774 0.8589511754068716 0.020754716981132074 0.019891500904159132 
2 0.3849056603773585 0.5858951175406871 0.018867924528301886 0.019891500904159132 
