5 0.466796875 0.25390625 0.046875 0.046875 
5 0.46484375 0.314453125 0.046875 0.046875 
5 0.55859375 0.28515625 0.046875 0.046875 
5 0.55859375 0.23046875 0.046875 0.046875 
5 0.607421875 0.212890625 0.046875 0.046875 
5 0.65625 0.1875 0.046875 0.046875 
5 0.654296875 0.240234375 0.046875 0.046875 
5 0.705078125 0.25390625 0.048828125 0.046875 
5 0.55859375 0.337890625 0.046875 0.046875 
5 0.6796875 0.30859375 0.046875 0.046875 
5 0.7109375 0.359375 0.046875 0.046875 
5 0.564453125 0.94921875 0.046875 0.044921875 
5 0.611328125 0.931640625 0.046875 0.046875 
5 0.66015625 0.90625 0.046875 0.046875 
5 0.658203125 0.958984375 0.046875 0.044921875 
5 0.708984375 0.970703125 0.046875 0.044921875 
5 0.470703125 0.970703125 0.046875 0.044921875 
2 0.314453125 0.5234375 0.021484375 0.021484375 
