5 0.4444444444444444 0.5407407407407407 0.1318267419962335 0.13333333333333333 
5 0.3050847457627119 0.7296296296296296 0.13559322033898305 0.13333333333333333 
5 0.4519774011299435 0.6944444444444444 0.13559322033898305 0.12777777777777777 
5 0.5856873822975518 0.6166666666666667 0.1318267419962335 0.12777777777777777 
5 0.7250470809792844 0.6666666666666666 0.12994350282485875 0.13333333333333333 
5 0.7231638418079096 0.8203703703703704 0.1318267419962335 0.12962962962962962 
5 0.7231638418079096 0.9740740740740741 0.1318267419962335 0.13333333333333333 
5 0.3766478342749529 0.8851851851851852 0.1318267419962335 0.13333333333333333 
5 0.9905838041431262 0.7351851851851852 0.12994350282485875 0.12962962962962962 
5 0.9905838041431262 0.9055555555555556 0.12994350282485875 0.13333333333333333 
