5 0.18202764976958524 0.7919463087248322 0.055299539170506916 0.053691275167785234 
5 0.12442396313364056 0.8680089485458613 0.055299539170506916 0.053691275167785234 
5 0.18433179723502305 0.8523489932885906 0.055299539170506916 0.05145413870246085 
5 0.23963133640552994 0.8210290827740492 0.055299539170506916 0.05145413870246085 
5 0.29723502304147464 0.8411633109619687 0.052995391705069124 0.053691275167785234 
5 0.29723502304147464 0.9038031319910514 0.055299539170506916 0.053691275167785234 
5 0.29723502304147464 0.9664429530201343 0.055299539170506916 0.053691275167785234 
5 0.1543778801843318 0.930648769574944 0.055299539170506916 0.053691275167785234 
5 0.4055299539170507 0.8680089485458613 0.052995391705069124 0.053691275167785234 
5 0.4055299539170507 0.9373601789709173 0.052995391705069124 0.053691275167785234 
