5 0.05385996409335727 0.2718808193668529 0.04308797127468582 0.0446927374301676 
5 0.05385996409335727 0.21973929236499068 0.04308797127468582 0.0446927374301676 
5 0.09874326750448834 0.20297951582867785 0.04308797127468582 0.0446927374301676 
5 0.1436265709156194 0.1787709497206704 0.04308797127468582 0.0446927374301676 
5 0.14183123877917414 0.22905027932960895 0.04308797127468582 0.0446927374301676 
5 0.18850987432675045 0.24208566108007448 0.04488330341113106 0.0446927374301676 
5 0.05385996409335727 0.3221601489757914 0.04308797127468582 0.0446927374301676 
5 0.1651705565529623 0.2942271880819367 0.04308797127468582 0.0446927374301676 
5 0.19389587073608616 0.3426443202979516 0.04308797127468582 0.0446927374301676 
3 0.5601436265709157 0.35567970204841715 0.019748653500897665 0.03165735567970205 
3 0.5403949730700179 0.41899441340782123 0.017953321364452424 0.03165735567970205 
3 0.518850987432675 0.48044692737430167 0.017953321364452424 0.03165735567970205 
3 0.4614003590664273 0.5512104283054003 0.03231597845601436 0.020484171322160148 
5 0.059245960502693 0.9050279329608939 0.04308797127468582 0.04283054003724395 
5 0.10233393177737882 0.888268156424581 0.04308797127468582 0.0446927374301676 
5 0.14721723518850988 0.8640595903165735 0.04308797127468582 0.0446927374301676 
5 0.14542190305206462 0.9143389199255121 0.04308797127468582 0.04283054003724395 
5 0.19210053859964094 0.925512104283054 0.04308797127468582 0.04283054003724395 
5 0.1687612208258528 0.9757914338919925 0.04308797127468582 0.0446927374301676 
5 0.059245960502693 0.9534450651769087 0.04308797127468582 0.0446927374301676 
2 0.8258527827648114 0.1266294227188082 0.017953321364452424 0.020484171322160148 
