5 0.654296875 0.19140625 0.046875 0.046875 
5 0.60546875 0.2578125 0.046875 0.046875 
5 0.65625 0.244140625 0.046875 0.044921875 
5 0.703125 0.216796875 0.046875 0.044921875 
5 0.751953125 0.234375 0.044921875 0.046875 
5 0.751953125 0.2890625 0.046875 0.046875 
5 0.751953125 0.34375 0.046875 0.046875 
5 0.630859375 0.3125 0.046875 0.046875 
5 0.619140625 0.421875 0.046875 0.046875 
5 0.84375 0.2578125 0.044921875 0.046875 
5 0.84375 0.318359375 0.044921875 0.046875 
2 0.994140625 0.52734375 0.021484375 0.021484375 
5 0.6484375 0.908203125 0.046875 0.046875 
5 0.697265625 0.93359375 0.046875 0.046875 
5 0.744140625 0.951171875 0.046875 0.044921875 
5 0.650390625 0.958984375 0.046875 0.044921875 
5 0.599609375 0.97265625 0.046875 0.044921875 
5 0.837890625 0.974609375 0.046875 0.044921875 
3 0.19921875 0.373046875 0.01953125 0.03125 
3 0.220703125 0.4375 0.01953125 0.033203125 
3 0.2421875 0.50390625 0.01953125 0.033203125 
3 0.302734375 0.578125 0.03125 0.01953125 
