5 0.04878048780487805 0.6360759493670886 0.03902439024390244 0.0379746835443038 
5 0.04878048780487805 0.5917721518987342 0.03902439024390244 0.0379746835443038 
5 0.08943089430894309 0.5775316455696202 0.03902439024390244 0.0379746835443038 
5 0.13008130081300814 0.5569620253164557 0.03902439024390244 0.0379746835443038 
5 0.12845528455284552 0.5996835443037974 0.03902439024390244 0.0379746835443038 
5 0.17073170731707318 0.6107594936708861 0.04065040650406504 0.0379746835443038 
5 0.04878048780487805 0.6787974683544303 0.03902439024390244 0.0379746835443038 
5 0.14959349593495935 0.6550632911392406 0.03902439024390244 0.0379746835443038 
5 0.17560975609756097 0.6962025316455697 0.03902439024390244 0.0379746835443038 
3 0.5073170731707317 0.7072784810126582 0.01788617886178862 0.02689873417721519 
3 0.4894308943089431 0.7610759493670886 0.016260162601626018 0.02689873417721519 
3 0.46991869918699186 0.8132911392405063 0.016260162601626018 0.02689873417721519 
3 0.41788617886178864 0.8734177215189873 0.02926829268292683 0.01740506329113924 
5 0.9333333333333333 0.7784810126582279 0.04065040650406504 0.0379746835443038 
5 0.9691056910569106 0.7784810126582279 0.03739837398373984 0.03639240506329114 
2 0.7479674796747967 0.5126582278481012 0.016260162601626018 0.01740506329113924 
