3 0.4572784810126582 0.003067484662576687 0.015822784810126583 0.02607361963190184 
3 0.40664556962025317 0.06134969325153374 0.028481012658227847 0.01687116564417178 
5 0.05221518987341772 0.35276073619631904 0.0379746835443038 0.0352760736196319 
5 0.09018987341772151 0.3389570552147239 0.0379746835443038 0.03680981595092025 
5 0.12974683544303797 0.31901840490797545 0.0379746835443038 0.03680981595092025 
5 0.1281645569620253 0.3604294478527607 0.0379746835443038 0.0352760736196319 
5 0.16930379746835442 0.3696319018404908 0.0379746835443038 0.0352760736196319 
5 0.14873417721518986 0.4110429447852761 0.0379746835443038 0.03680981595092025 
5 0.05221518987341772 0.39263803680981596 0.0379746835443038 0.03680981595092025 
5 0.05063291139240506 0.43558282208588955 0.03955696202531646 0.03834355828220859 
5 0.17405063291139242 0.45245398773006135 0.0379746835443038 0.03680981595092025 
3 0.41139240506329117 0.6257668711656442 0.02531645569620253 0.015337423312883436 
3 0.4620253164556962 0.5659509202453987 0.015822784810126583 0.02607361963190184 
3 0.4778481012658228 0.5122699386503068 0.015822784810126583 0.02607361963190184 
3 0.4936708860759494 0.4616564417177914 0.01740506329113924 0.02607361963190184 
0 0.9050632911392406 0.43098159509202455 0.02531645569620253 0.01687116564417178 
