5 0.48088531187122735 0.746615087040619 0.0482897384305835 0.04642166344294004 
5 0.4788732394366197 0.8065764023210832 0.0482897384305835 0.04642166344294004 
5 0.5754527162977867 0.7775628626692457 0.0482897384305835 0.04642166344294004 
5 0.5754527162977867 0.723404255319149 0.0482897384305835 0.04642166344294004 
5 0.6257545271629779 0.7059961315280464 0.0482897384305835 0.04642166344294004 
5 0.676056338028169 0.6808510638297872 0.0482897384305835 0.04642166344294004 
5 0.6740442655935613 0.7330754352030948 0.0482897384305835 0.04642166344294004 
5 0.7263581488933601 0.746615087040619 0.05030181086519115 0.04642166344294004 
5 0.5754527162977867 0.8297872340425532 0.0482897384305835 0.04642166344294004 
5 0.7002012072434608 0.8007736943907157 0.0482897384305835 0.04642166344294004 
5 0.7323943661971831 0.851063829787234 0.0482897384305835 0.04642166344294004 
