2 0.8739205526770294 0.04690117252931323 0.037996545768566495 0.03685092127303183 
5 0.25906735751295334 0.6984924623115578 0.08117443868739206 0.07872696817420435 
5 0.3471502590673575 0.7420435510887772 0.08117443868739206 0.07872696817420435 
5 0.43005181347150256 0.7721943048576214 0.08117443868739206 0.07705192629815745 
5 0.26252158894645944 0.7872696817420436 0.08117443868739206 0.07537688442211055 
5 0.17271157167530224 0.8107202680067002 0.08117443868739206 0.07705192629815745 
5 0.21934369602763384 0.9028475711892797 0.08117443868739206 0.08040201005025126 
5 0.43005181347150256 0.864321608040201 0.08117443868739206 0.07872696817420435 
5 0.43005181347150256 0.9581239530988275 0.08290155440414508 0.07872696817420435 
5 0.16407599309153714 0.9899497487437185 0.08117443868739206 0.08040201005025126 
5 0.5958549222797928 0.8123953098827471 0.08290155440414508 0.07705192629815745 
5 0.5958549222797928 0.916247906197655 0.08290155440414508 0.07872696817420435 
