5 0.5972927241962775 0.2983050847457627 0.1218274111675127 0.11694915254237288 
5 0.7241962774957699 0.2542372881355932 0.11844331641285956 0.11864406779661017 
5 0.8494077834179357 0.1864406779661017 0.1218274111675127 0.12203389830508475 
5 0.8460236886632826 0.32372881355932204 0.11844331641285956 0.11694915254237288 
5 0.9780033840947546 0.3576271186440678 0.11844331641285956 0.11694915254237288 
5 0.9120135363790186 0.49491525423728816 0.11844331641285956 0.12203389830508475 
5 0.5972927241962775 0.43389830508474575 0.1218274111675127 0.12203389830508475 
5 0.5972927241962775 0.5745762711864407 0.12351945854483926 0.12372881355932204 
5 0.9932318104906938 0.6322033898305085 0.11844331641285956 0.12203389830508475 
5 0.3553299492385787 0.3576271186440678 0.11844331641285956 0.11694915254237288 
5 0.3553299492385787 0.5152542372881356 0.11844331641285956 0.12203389830508475 
