5 0.8375 0.25654450261780104 0.06 0.06282722513089005 
5 0.775 0.34554973821989526 0.06 0.06282722513089005 
5 0.84 0.32722513089005234 0.06 0.060209424083769635 
5 0.9 0.2905759162303665 0.06 0.060209424083769635 
5 0.9625 0.31413612565445026 0.0575 0.06282722513089005 
5 0.9625 0.387434554973822 0.06 0.06282722513089005 
5 0.9625 0.4607329842931937 0.06 0.06282722513089005 
5 0.8075 0.418848167539267 0.06 0.06282722513089005 
5 0.7925 0.5654450261780105 0.06 0.06282722513089005 
3 0.255 0.5 0.025 0.041884816753926704 
3 0.2825 0.5863874345549738 0.025 0.04450261780104712 
3 0.31 0.675392670157068 0.025 0.04450261780104712 
3 0.3875 0.774869109947644 0.04 0.02617801047120419 
