5 0.705982905982906 0.324459234608985 0.08034188034188035 0.07986688851913477 
5 0.6222222222222222 0.43760399334442596 0.08205128205128205 0.07986688851913477 
5 0.7111111111111111 0.415973377703827 0.08205128205128205 0.07653910149750416 
5 0.7914529914529914 0.36938435940099834 0.08034188034188035 0.07653910149750416 
5 0.8769230769230769 0.39933444259567386 0.07863247863247863 0.07986688851913477 
5 0.8752136752136752 0.4925124792013311 0.08034188034188035 0.07820299500831947 
5 0.8752136752136752 0.5840266222961731 0.08034188034188035 0.07986688851913477 
5 0.6666666666666666 0.5307820299500832 0.08034188034188035 0.07986688851913477 
5 0.6427350427350428 0.718801996672213 0.08034188034188035 0.07986688851913477 
3 0.09230769230769231 0.9866888519134775 0.0547008547008547 0.03161397670549085 
