5 0.0625 0.3173913043478261 0.05 0.05217391304347826 
5 0.0625 0.2565217391304348 0.05 0.05217391304347826 
5 0.11458333333333333 0.23695652173913043 0.05 0.05217391304347826 
5 0.16666666666666666 0.20869565217391303 0.05 0.05217391304347826 
5 0.16458333333333333 0.2673913043478261 0.05 0.05217391304347826 
5 0.21875 0.2826086956521739 0.052083333333333336 0.05217391304347826 
5 0.0625 0.3760869565217391 0.05 0.05217391304347826 
5 0.19166666666666668 0.34347826086956523 0.05 0.05217391304347826 
5 0.225 0.4 0.05 0.05217391304347826 
3 0.65 0.4152173913043478 0.022916666666666665 0.03695652173913044 
3 0.6270833333333333 0.4891304347826087 0.020833333333333332 0.03695652173913044 
3 0.6020833333333333 0.5608695652173913 0.020833333333333332 0.03695652173913044 
3 0.5354166666666667 0.6434782608695652 0.0375 0.02391304347826087 
2 0.9583333333333334 0.14782608695652175 0.020833333333333332 0.02391304347826087 
