5 0.564453125 0.44921875 0.046875 0.044921875 
5 0.611328125 0.431640625 0.046875 0.046875 
5 0.66015625 0.40625 0.046875 0.046875 
5 0.658203125 0.458984375 0.046875 0.044921875 
5 0.708984375 0.470703125 0.046875 0.044921875 
5 0.68359375 0.5234375 0.046875 0.046875 
5 0.564453125 0.5 0.046875 0.046875 
5 0.5625 0.5546875 0.048828125 0.048828125 
5 0.71484375 0.576171875 0.046875 0.046875 
5 0.470703125 0.470703125 0.046875 0.044921875 
5 0.470703125 0.53125 0.046875 0.046875 
2 0.318359375 0.740234375 0.021484375 0.021484375 
2 0.314453125 0.0234375 0.021484375 0.021484375 
