5 0.40508474576271186 0.2292768959435626 0.04067796610169491 0.042328042328042326 
5 0.4033898305084746 0.2839506172839506 0.04067796610169491 0.042328042328042326 
5 0.4847457627118644 0.25749559082892415 0.04067796610169491 0.042328042328042326 
5 0.4847457627118644 0.20811287477954143 0.04067796610169491 0.042328042328042326 
5 0.5271186440677966 0.19223985890652556 0.04067796610169491 0.042328042328042326 
5 0.5694915254237288 0.1693121693121693 0.04067796610169491 0.042328042328042326 
5 0.5677966101694916 0.21693121693121692 0.04067796610169491 0.042328042328042326 
5 0.611864406779661 0.2292768959435626 0.0423728813559322 0.042328042328042326 
5 0.4847457627118644 0.30511463844797176 0.04067796610169491 0.042328042328042326 
5 0.5898305084745763 0.2786596119929453 0.04067796610169491 0.042328042328042326 
5 0.6169491525423729 0.32451499118165783 0.04067796610169491 0.042328042328042326 
3 0.9627118644067797 0.3368606701940035 0.01864406779661017 0.029982363315696647 
3 0.9440677966101695 0.3968253968253968 0.01694915254237288 0.029982363315696647 
3 0.923728813559322 0.455026455026455 0.01694915254237288 0.029982363315696647 
3 0.8694915254237288 0.5220458553791887 0.030508474576271188 0.019400352733686066 
5 0.48983050847457626 0.8571428571428571 0.04067796610169491 0.04056437389770723 
5 0.5305084745762711 0.8412698412698413 0.04067796610169491 0.042328042328042326 
5 0.5728813559322034 0.818342151675485 0.04067796610169491 0.042328042328042326 
5 0.5711864406779661 0.8659611992945326 0.04067796610169491 0.04056437389770723 
5 0.6152542372881356 0.8765432098765432 0.04067796610169491 0.04056437389770723 
5 0.5932203389830508 0.9241622574955908 0.04067796610169491 0.042328042328042326 
5 0.48983050847457626 0.9029982363315696 0.04067796610169491 0.042328042328042326 
5 0.488135593220339 0.9523809523809523 0.0423728813559322 0.04409171075837742 
5 0.6203389830508474 0.9717813051146384 0.04067796610169491 0.042328042328042326 
5 0.40847457627118644 0.8765432098765432 0.04067796610169491 0.04056437389770723 
5 0.40847457627118644 0.9312169312169312 0.04067796610169491 0.042328042328042326 
3 0.9627118644067797 0.982363315696649 0.01864406779661017 0.029982363315696647 
2 0.27288135593220336 0.47266313932980597 0.01864406779661017 0.019400352733686066 
