5 0.050761421319796954 0.6979166666666666 0.04060913705583756 0.041666666666666664 
5 0.050761421319796954 0.6493055555555556 0.04060913705583756 0.041666666666666664 
5 0.09306260575296109 0.6336805555555556 0.04060913705583756 0.041666666666666664 
5 0.1353637901861252 0.6111111111111112 0.04060913705583756 0.041666666666666664 
5 0.13367174280879865 0.6579861111111112 0.04060913705583756 0.041666666666666664 
5 0.17766497461928935 0.6701388888888888 0.04230118443316413 0.041666666666666664 
5 0.050761421319796954 0.7447916666666666 0.04060913705583756 0.041666666666666664 
5 0.155668358714044 0.71875 0.04060913705583756 0.041666666666666664 
5 0.18274111675126903 0.7638888888888888 0.04060913705583756 0.041666666666666664 
3 0.5279187817258884 0.7760416666666666 0.018612521150592216 0.029513888888888888 
3 0.5093062605752962 0.8350694444444444 0.01692047377326565 0.029513888888888888 
3 0.4890016920473773 0.8923611111111112 0.01692047377326565 0.029513888888888888 
3 0.43485617597292725 0.9583333333333334 0.030456852791878174 0.019097222222222224 
5 0.9712351945854484 0.8541666666666666 0.04230118443316413 0.041666666666666664 
2 0.7783417935702199 0.5625 0.01692047377326565 0.019097222222222224 
