3 0.7959641255605381 0.6608315098468271 0.02242152466367713 0.037199124726477024 
3 0.820627802690583 0.7352297592997812 0.02466367713004484 0.037199124726477024 
3 0.8475336322869955 0.8096280087527352 0.02242152466367713 0.037199124726477024 
3 0.9170403587443946 0.8927789934354485 0.03587443946188341 0.024070021881838075 
2 0.17937219730941703 0.4617067833698031 0.02242152466367713 0.024070021881838075 
3 0.17937219730941703 0.37636761487964987 0.02242152466367713 0.0350109409190372 
3 0.07847533632286996 0.31072210065645517 0.03811659192825112 0.024070021881838075 
3 0.289237668161435 0.13785557986870897 0.02242152466367713 0.037199124726477024 
3 0.852017937219731 0.00437636761487965 0.02242152466367713 0.037199124726477024 
3 0.92152466367713 0.087527352297593 0.03587443946188341 0.02188183807439825 
