3 0.9506578947368421 0.006791171477079796 0.03289473684210526 0.05602716468590832 
3 0.84375 0.13752122241086587 0.05756578947368421 0.035653650254668934 
5 0.1069078947368421 0.7792869269949066 0.07894736842105263 0.07809847198641766 
5 0.1875 0.7487266553480475 0.07730263157894737 0.07979626485568761 
5 0.26973684210526316 0.7045840407470289 0.07894736842105263 0.08149405772495756 
5 0.2680921052631579 0.7962648556876061 0.07730263157894737 0.07809847198641766 
5 0.3536184210526316 0.8183361629881154 0.07730263157894737 0.07809847198641766 
5 0.3092105263157895 0.9100169779286927 0.07730263157894737 0.08149405772495756 
5 0.1069078947368421 0.8692699490662139 0.07894736842105263 0.08149405772495756 
5 0.10526315789473684 0.9626485568760611 0.0805921052631579 0.0831918505942275 
