2 0.6200980392156863 0.028455284552845527 0.02696078431372549 0.022357723577235773 
5 0.18627450980392157 0.4247967479674797 0.058823529411764705 0.04878048780487805 
5 0.24754901960784315 0.45121951219512196 0.058823529411764705 0.04878048780487805 
5 0.30637254901960786 0.4695121951219512 0.058823529411764705 0.046747967479674794 
5 0.18872549019607843 0.47764227642276424 0.058823529411764705 0.046747967479674794 
5 0.125 0.491869918699187 0.058823529411764705 0.046747967479674794 
5 0.1568627450980392 0.5487804878048781 0.058823529411764705 0.04878048780487805 
5 0.30637254901960786 0.524390243902439 0.058823529411764705 0.04878048780487805 
5 0.30637254901960786 0.5813008130081301 0.058823529411764705 0.04878048780487805 
5 0.11764705882352941 0.6016260162601627 0.058823529411764705 0.04878048780487805 
5 0.42401960784313725 0.49390243902439024 0.058823529411764705 0.046747967479674794 
5 0.42401960784313725 0.556910569105691 0.058823529411764705 0.04878048780487805 
2 0.6127450980392157 0.774390243902439 0.02696078431372549 0.024390243902439025 
5 0.4166666666666667 0.9552845528455285 0.058823529411764705 0.04878048780487805 
