3 0.1934931506849315 0.6127946127946128 0.023972602739726026 0.04208754208754209 
5 0.3287671232876712 0.5942760942760943 0.059931506849315065 0.058922558922558925 
5 0.547945205479452 0.5 0.06678082191780822 0.06397306397306397 
5 0.5154109589041096 0.5673400673400674 0.059931506849315065 0.06060606060606061 
3 0.3921232876712329 0.5185185185185185 0.02054794520547945 0.04040404040404041 
3 0.4400684931506849 0.5673400673400674 0.0410958904109589 0.02356902356902357 
3 0.1421232876712329 0.44107744107744107 0.02054794520547945 0.04208754208754209 
2 0.3921232876712329 0.7508417508417509 0.02226027397260274 0.021885521885521887 
2 0.3082191780821918 0.8265993265993266 0.02226027397260274 0.021885521885521887 
5 0.4811643835616438 0.664983164983165 0.06164383561643835 0.058922558922558925 
5 0.4777397260273973 0.7474747474747475 0.06164383561643835 0.058922558922558925 
5 0.0821917808219178 0.05218855218855219 0.059931506849315065 0.06060606060606061 
