5 0.5199306759098787 0.1408695652173913 0.13344887348353554 0.1356521739130435 
5 0.4558058925476603 0.2782608695652174 0.12131715771230503 0.12521739130434784 
5 0.07452339688041594 0.3339130434782609 0.12131715771230503 0.12 
3 0.2045060658578856 0.1791304347826087 0.043327556325823226 0.08521739130434783 
3 0.30155979202772965 0.2782608695652174 0.08492201039861352 0.04695652173913043 
2 0.03466204506065858 0.8156521739130435 0.045060658578856154 0.050434782608695654 
2 0.2045060658578856 0.662608695652174 0.04679376083188908 0.04521739130434783 
5 0.3830155979202773 0.4782608695652174 0.12305025996533796 0.12347826086956522 
5 0.37954939341421146 0.6521739130434783 0.12305025996533796 0.12347826086956522 
3 0.925476603119584 0.019130434782608695 0.045060658578856154 0.0817391304347826 
