5 0.3511326860841424 0.07260726072607261 0.05825242718446602 0.0594059405940594 
5 0.5614886731391586 0.054455445544554455 0.05663430420711974 0.057755775577557754 
0 0.48220064724919093 0.24257425742574257 0.022653721682847898 0.039603960396039604 
3 0.6375404530744336 0.32673267326732675 0.038834951456310676 0.02145214521452145 
3 0.7524271844660194 0.32673267326732675 0.0372168284789644 0.0231023102310231 
3 0.6941747572815534 0.39933993399339934 0.0372168284789644 0.019801980198019802 
0 0.48220064724919093 0.5082508250825083 0.022653721682847898 0.039603960396039604 
2 0.48220064724919093 0.566006600660066 0.022653721682847898 0.02145214521452145 
3 0.2686084142394822 0.3250825082508251 0.038834951456310676 0.02145214521452145 
0 0.3333333333333333 0.3712871287128713 0.021035598705501618 0.039603960396039604 
3 0.9207119741100324 0.4174917491749175 0.021035598705501618 0.039603960396039604 
