3 0.020146520146520148 0.9184397163120568 0.023809523809523808 0.0425531914893617 
5 0.4542124542124542 0.9804964539007093 0.0695970695970696 0.06914893617021277 
3 0.6208791208791209 0.9184397163120568 0.02197802197802198 0.044326241134751775 
3 0.8626373626373627 0.2074468085106383 0.04212454212454213 0.02127659574468085 
3 0.9377289377289377 0.24645390070921985 0.02564102564102564 0.0425531914893617 
3 0.9377289377289377 0.3351063829787234 0.02564102564102564 0.0425531914893617 
3 0.8644688644688645 0.29609929078014185 0.045787545787545784 0.02127659574468085 
3 0.31684981684981683 0.22872340425531915 0.04395604395604396 0.02304964539007092 
3 0.3882783882783883 0.22872340425531915 0.045787545787545784 0.024822695035460994 
5 0.5567765567765568 0.5088652482269503 0.0641025641025641 0.06382978723404255 
3 0.6245421245421245 0.4326241134751773 0.023809523809523808 0.0425531914893617 
