5 0.8625 0.8743068391866913 0.06428571428571428 0.06469500924214418 
5 0.725 0.7800369685767098 0.06428571428571428 0.06469500924214418 
5 0.725 0.6894639556377079 0.06428571428571428 0.06469500924214418 
3 0.5732142857142857 0.6894639556377079 0.04285714285714286 0.024029574861367836 
3 0.5732142857142857 0.7800369685767098 0.04285714285714286 0.025878003696857672 
3 0.6428571428571429 0.7319778188539742 0.02142857142857143 0.04436229205175601 
3 0.6428571428571429 0.822550831792976 0.023214285714285715 0.04436229205175601 
3 0.04107142857142857 0.7097966728280961 0.04285714285714286 0.024029574861367836 
3 0.10714285714285714 0.7097966728280961 0.04285714285714286 0.024029574861367836 
3 0.3053571428571429 0.9648798521256932 0.025 0.04621072088724584 
5 0.11964285714285715 0.3364140480591497 0.06785714285714285 0.07024029574861368 
5 0.10535714285714286 0.43622920517560076 0.0625 0.06469500924214418 
