3 0.111328125 0.494140625 0.025390625 0.046875 
3 0.20703125 0.689453125 0.02734375 0.046875 
3 0.435546875 0.6015625 0.025390625 0.046875 
3 0.48828125 0.65625 0.044921875 0.025390625 
5 0.359375 0.689453125 0.068359375 0.068359375 
5 0.57421875 0.65625 0.06640625 0.0703125 
5 0.634765625 0.580078125 0.076171875 0.076171875 
5 0.53125 0.76953125 0.068359375 0.068359375 
5 0.52734375 0.8671875 0.068359375 0.068359375 
3 0.83203125 0.49609375 0.02734375 0.048828125 
3 0.890625 0.689453125 0.02734375 0.046875 
3 0.833984375 0.01953125 0.02734375 0.048828125 
5 0.75390625 0.111328125 0.0703125 0.068359375 
