5 0.8787878787878788 0.3593073593073593 0.07792207792207792 0.07575757575757576 
5 0.8787878787878788 0.2532467532467532 0.07792207792207792 0.07575757575757576 
3 0.6948051948051948 0.2532467532467532 0.05194805194805195 0.02813852813852814 
3 0.6948051948051948 0.3593073593073593 0.05194805194805195 0.030303030303030304 
3 0.7792207792207793 0.30303030303030304 0.025974025974025976 0.05194805194805195 
3 0.7792207792207793 0.4090909090909091 0.02813852813852814 0.05194805194805195 
3 0.049783549783549784 0.27705627705627706 0.05194805194805195 0.02813852813852814 
3 0.12987012987012986 0.27705627705627706 0.05194805194805195 0.02813852813852814 
3 0.37012987012987014 0.5757575757575758 0.030303030303030304 0.05411255411255411 
5 0.2813852813852814 0.6774891774891775 0.07792207792207792 0.07575757575757576 
