5 0.07421875 0.65625 0.06640625 0.0703125 
5 0.134765625 0.580078125 0.076171875 0.076171875 
5 0.03125 0.76953125 0.068359375 0.068359375 
5 0.02734375 0.8671875 0.068359375 0.068359375 
5 0.79296875 0.580078125 0.07421875 0.076171875 
5 0.755859375 0.65625 0.068359375 0.0703125 
5 0.541015625 0.6875 0.068359375 0.068359375 
3 0.615234375 0.6015625 0.0234375 0.048828125 
3 0.669921875 0.65625 0.046875 0.02734375 
3 0.33203125 0.49609375 0.02734375 0.048828125 
3 0.390625 0.689453125 0.02734375 0.046875 
2 0.51953125 0.958984375 0.025390625 0.029296875 
2 0.615234375 0.873046875 0.025390625 0.025390625 
5 0.71484375 0.76953125 0.068359375 0.0703125 
5 0.712890625 0.8671875 0.068359375 0.0703125 
3 0.333984375 0.01953125 0.02734375 0.048828125 
5 0.25390625 0.111328125 0.0703125 0.068359375 
