3 0.0992 0.5638474295190713 0.04 0.02155887230514096 
3 0.9232 0.6185737976782753 0.0384 0.02155887230514096 
3 0.9232 0.6998341625207297 0.0384 0.02321724709784411 
3 0.9856 0.6567164179104478 0.0192 0.03980099502487562 
3 0.9856 0.7379767827529021 0.0208 0.03980099502487562 
3 0.4464 0.6368159203980099 0.0384 0.02155887230514096 
3 0.5056 0.6368159203980099 0.0384 0.02155887230514096 
3 0.6832 0.8656716417910447 0.0224 0.04145936981757877 
5 0.6176 0.9436152570480929 0.0576 0.05804311774461028 
5 0.5168 0.3018242122719735 0.0608 0.06301824212271974 
5 0.504 0.3913764510779436 0.056 0.05804311774461028 
