5 0.9251247920133111 0.14013840830449828 0.1281198003327787 0.13494809688581316 
5 0.8635607321131448 0.2768166089965398 0.11647254575707154 0.1245674740484429 
5 0.49750415973377704 0.33217993079584773 0.11647254575707154 0.11937716262975778 
3 0.6222961730449251 0.1782006920415225 0.04159733777038269 0.0847750865051903 
3 0.7154742096505824 0.2768166089965398 0.08153078202995008 0.04671280276816609 
3 0.24126455906821964 0.3356401384083045 0.048252911813643926 0.08304498269896193 
2 0.45923460898502494 0.8114186851211073 0.04326123128119801 0.050173010380622836 
2 0.6222961730449251 0.6591695501730104 0.04492512479201331 0.04498269896193772 
5 0.7936772046589018 0.4757785467128028 0.11813643926788686 0.12283737024221453 
5 0.7903494176372712 0.6487889273356401 0.11813643926788686 0.12283737024221453 
