5 0.177734375 0.064453125 0.068359375 0.068359375 
0 0.08203125 0.287109375 0.02734375 0.046875 
3 0.26953125 0.38671875 0.046875 0.025390625 
3 0.408203125 0.38671875 0.044921875 0.02734375 
3 0.337890625 0.47265625 0.044921875 0.0234375 
0 0.08203125 0.6015625 0.02734375 0.046875 
2 0.08203125 0.669921875 0.02734375 0.025390625 
3 0.611328125 0.494140625 0.025390625 0.046875 
3 0.70703125 0.689453125 0.02734375 0.046875 
3 0.935546875 0.6015625 0.025390625 0.046875 
3 0.98828125 0.65625 0.044921875 0.025390625 
5 0.859375 0.689453125 0.068359375 0.068359375 
