5 0.31446540880503143 0.6359743040685225 0.07966457023060797 0.0835117773019272 
5 0.2746331236897275 0.7194860813704497 0.07337526205450734 0.07708779443254818 
5 0.0440251572327044 0.7537473233404711 0.07337526205450734 0.07494646680942184 
3 0.12368972746331237 0.6595289079229122 0.025157232704402517 0.05353319057815846 
3 0.18238993710691823 0.7194860813704497 0.050314465408805034 0.029978586723768737 
2 0.12368972746331237 0.9571734475374732 0.027253668763102725 0.027837259100642397 
5 0.23060796645702306 0.8436830835117773 0.07337526205450734 0.07708779443254818 
5 0.22851153039832284 0.9507494646680942 0.07337526205450734 0.07708779443254818 
3 0.559748427672956 0.5610278372591007 0.027253668763102725 0.05139186295503212 
3 0.6247379454926625 0.7558886509635975 0.029350104821802937 0.05139186295503212 
5 0.7861635220125787 0.7558886509635975 0.07337526205450734 0.07494646680942184 
3 0.8679245283018868 0.6595289079229122 0.029350104821802937 0.05139186295503212 
3 0.9245283018867925 0.7194860813704497 0.05241090146750524 0.02569593147751606 
5 0.9727463312368972 0.8436830835117773 0.07337526205450734 0.07494646680942184 
5 0.9706498951781971 0.9507494646680942 0.07547169811320754 0.07494646680942184 
2 0.8637316561844863 0.9571734475374732 0.027253668763102725 0.027837259100642397 
