5 0.2788104089219331 0.5479704797047971 0.07063197026022305 0.07195571955719557 
5 0.24349442379182157 0.6199261992619927 0.06505576208178439 0.06642066420664207 
5 0.03903345724907063 0.6494464944649446 0.06505576208178439 0.06457564575645756 
3 0.10966542750929369 0.5682656826568265 0.022304832713754646 0.046125461254612546 
3 0.16171003717472118 0.6199261992619927 0.04460966542750929 0.025830258302583026 
2 0.01858736059479554 0.9059040590405905 0.024163568773234202 0.027675276752767528 
2 0.10966542750929369 0.8247232472324724 0.024163568773234202 0.023985239852398525 
5 0.20446096654275092 0.7269372693726938 0.06505576208178439 0.06642066420664207 
5 0.20260223048327136 0.8191881918819188 0.06505576208178439 0.06642066420664207 
3 0.4962825278810409 0.4833948339483395 0.024163568773234202 0.04428044280442804 
3 0.5539033457249071 0.6512915129151291 0.026022304832713755 0.04428044280442804 
5 0.6970260223048327 0.6512915129151291 0.06505576208178439 0.06457564575645756 
3 0.7695167286245354 0.5682656826568265 0.026022304832713755 0.04428044280442804 
3 0.8197026022304833 0.6199261992619927 0.046468401486988845 0.02214022140221402 
5 0.9368029739776952 0.5479704797047971 0.07063197026022305 0.07195571955719557 
5 0.9014869888475836 0.6217712177121771 0.06505576208178439 0.06642066420664207 
5 0.862453531598513 0.7269372693726938 0.06505576208178439 0.06457564575645756 
5 0.8605947955390335 0.8191881918819188 0.06691449814126393 0.06457564575645756 
2 0.7657992565055762 0.8247232472324724 0.024163568773234202 0.023985239852398525 
2 0.671003717472119 0.9059040590405905 0.024163568773234202 0.025830258302583026 
