0 0.5058626465661642 0.012089810017271158 0.021775544388609715 0.04317789291882556 
0 0.35343383584589616 0.14507772020725387 0.020100502512562814 0.04145077720207254 
3 0.2830820770519263 0.09844559585492228 0.04020100502512563 0.024179620034542316 
3 0.6649916247906198 0.09844559585492228 0.04020100502512563 0.024179620034542316 
3 0.7855946398659966 0.09844559585492228 0.038525963149078725 0.022452504317789293 
3 0.7236180904522613 0.17443868739205526 0.04020100502512563 0.024179620034542316 
0 0.5041876046901173 0.28842832469775476 0.021775544388609715 0.04145077720207254 
2 0.5041876046901173 0.35060449050086356 0.021775544388609715 0.022452504317789293 
5 0.7219430485762144 0.09671848013816926 0.05695142378559464 0.06044905008635579 
5 0.36348408710217756 0.9602763385146805 0.06030150753768844 0.06217616580310881 
5 0.5812395309882747 0.9412780656303973 0.05862646566164154 0.06044905008635579 
3 0.9614740368509213 0.5872193436960277 0.04187604690117253 0.022452504317789293 
