3 0.04296875 0.021484375 0.05078125 0.091796875 
3 0.1640625 0.376953125 0.0546875 0.091796875 
5 0.466796875 0.376953125 0.13671875 0.134765625 
3 0.6171875 0.201171875 0.0546875 0.09375 
3 0.724609375 0.3125 0.09765625 0.046875 
5 0.970703125 0.16015625 0.150390625 0.150390625 
5 0.896484375 0.314453125 0.138671875 0.138671875 
5 0.814453125 0.5390625 0.138671875 0.13671875 
5 0.80859375 0.734375 0.140625 0.13671875 
2 0.611328125 0.744140625 0.05078125 0.05078125 
2 0.412109375 0.916015625 0.052734375 0.052734375 
