5 0.943359375 0.923828125 0.0703125 0.068359375 
5 0.79296875 0.82421875 0.0703125 0.068359375 
5 0.79296875 0.728515625 0.0703125 0.068359375 
3 0.626953125 0.728515625 0.046875 0.025390625 
3 0.626953125 0.82421875 0.046875 0.02734375 
3 0.703125 0.7734375 0.0234375 0.046875 
3 0.703125 0.869140625 0.025390625 0.046875 
3 0.044921875 0.75 0.046875 0.025390625 
3 0.1171875 0.75 0.046875 0.025390625 
5 0.130859375 0.35546875 0.07421875 0.07421875 
5 0.115234375 0.4609375 0.068359375 0.068359375 
