5 0.427734375 0.298828125 0.0703125 0.0703125 
5 0.662109375 0.2734375 0.0703125 0.068359375 
0 0.58984375 0.513671875 0.025390625 0.048828125 
0 0.412109375 0.6640625 0.0234375 0.046875 
3 0.330078125 0.611328125 0.046875 0.02734375 
3 0.775390625 0.611328125 0.046875 0.02734375 
3 0.916015625 0.611328125 0.044921875 0.025390625 
3 0.84375 0.697265625 0.046875 0.02734375 
0 0.587890625 0.826171875 0.025390625 0.046875 
2 0.587890625 0.896484375 0.025390625 0.025390625 
5 0.841796875 0.609375 0.06640625 0.068359375 
