3 0.18225806451612903 0.9763779527559056 0.02258064516129032 0.03937007874015748 
5 0.3096774193548387 0.9590551181102362 0.056451612903225805 0.05511811023622047 
5 0.5161290322580645 0.8708661417322835 0.06290322580645161 0.05984251968503937 
5 0.4854838709677419 0.9338582677165355 0.056451612903225805 0.05669291338582677 
3 0.36935483870967745 0.8881889763779528 0.01935483870967742 0.03779527559055118 
3 0.41451612903225804 0.9338582677165355 0.03870967741935484 0.02204724409448819 
3 0.1338709677419355 0.815748031496063 0.01935483870967742 0.03937007874015748 
5 0.6112903225806452 0.3417322834645669 0.05806451612903226 0.05511811023622047 
5 0.48870967741935484 0.26456692913385826 0.05806451612903226 0.05511811023622047 
5 0.4870967741935484 0.18740157480314962 0.05806451612903226 0.05511811023622047 
3 0.3467741935483871 0.18425196850393702 0.037096774193548385 0.01889763779527559 
3 0.4129032258064516 0.2188976377952756 0.02258064516129032 0.03779527559055118 
3 0.4129032258064516 0.29763779527559053 0.02258064516129032 0.03779527559055118 
3 0.34838709677419355 0.262992125984252 0.04032258064516129 0.01889763779527559 
5 0.07741935483870968 0.4519685039370079 0.056451612903225805 0.05669291338582677 
3 0.13709677419354838 0.384251968503937 0.020967741935483872 0.03779527559055118 
