5 0.07421875 0.15625 0.06640625 0.0703125 
5 0.134765625 0.080078125 0.076171875 0.076171875 
5 0.03125 0.26953125 0.068359375 0.068359375 
5 0.02734375 0.3671875 0.068359375 0.068359375 
5 0.79296875 0.080078125 0.07421875 0.076171875 
5 0.755859375 0.15625 0.068359375 0.0703125 
5 0.541015625 0.1875 0.068359375 0.068359375 
3 0.615234375 0.1015625 0.0234375 0.048828125 
3 0.669921875 0.15625 0.046875 0.02734375 
3 0.390625 0.189453125 0.02734375 0.046875 
2 0.51953125 0.458984375 0.025390625 0.029296875 
2 0.615234375 0.373046875 0.025390625 0.025390625 
5 0.71484375 0.26953125 0.068359375 0.0703125 
5 0.712890625 0.3671875 0.068359375 0.0703125 
