3 0.24406047516198703 0.2134387351778656 0.03023758099352052 0.04940711462450593 
5 0.4146868250539957 0.191699604743083 0.0755939524838013 0.0691699604743083 
5 0.6911447084233261 0.08102766798418973 0.08423326133909287 0.07509881422924901 
5 0.6501079913606912 0.1600790513833992 0.0755939524838013 0.07114624505928854 
3 0.4946004319654428 0.10276679841897234 0.02591792656587473 0.04743083003952569 
3 0.5550755939524838 0.1600790513833992 0.05183585313174946 0.02766798418972332 
3 0.17926565874730022 0.011857707509881422 0.02591792656587473 0.04940711462450593 
2 0.4946004319654428 0.37549407114624506 0.028077753779697623 0.025691699604743084 
2 0.38876889848812096 0.4644268774703557 0.028077753779697623 0.025691699604743084 
5 0.6069114470842333 0.274703557312253 0.07775377969762419 0.0691699604743083 
5 0.6025917926565875 0.3715415019762846 0.07775377969762419 0.0691699604743083 
