5 0.16163410301953818 0.5097001763668431 0.06216696269982238 0.06172839506172839 
3 0.5648312611012434 0.14814814814814814 0.04440497335701599 0.02292768959435626 
0 0.07460035523978685 0.7107583774250441 0.02486678507992895 0.042328042328042326 
3 0.24511545293072823 0.800705467372134 0.04262877442273535 0.02292768959435626 
3 0.37122557726465366 0.800705467372134 0.04085257548845471 0.024691358024691357 
3 0.30728241563055064 0.8783068783068783 0.04085257548845471 0.021164021164021163 
0 0.07460035523978685 0.9947089947089947 0.02486678507992895 0.042328042328042326 
3 0.5559502664298401 0.8977072310405644 0.023090586145648313 0.042328042328042326 
3 0.8507992895204263 0.9947089947089947 0.023090586145648313 0.042328042328042326 
3 0.9502664298401421 0.2257495590828924 0.04262877442273535 0.02292768959435626 
