3 0.10562180579216354 0.14189189189189189 0.04258943781942078 0.02195945945945946 
3 0.09710391822827939 0.8597972972972973 0.022146507666098807 0.04054054054054054 
3 0.3798977853492334 0.9527027027027027 0.022146507666098807 0.04054054054054054 
5 0.5536626916524702 0.9341216216216216 0.06643952299829642 0.06587837837837837 
3 0.9727427597955707 0.9527027027027027 0.020442930153321975 0.04222972972972973 
3 0.7257240204429302 0.8614864864864865 0.02385008517887564 0.04222972972972973 
3 0.9829642248722317 0.19763513513513514 0.04088586030664395 0.02195945945945946 
3 0.9829642248722317 0.28040540540540543 0.04088586030664395 0.02364864864864865 
3 0.4752981260647359 0.21621621621621623 0.04088586030664395 0.02195945945945946 
3 0.5383304940374787 0.21621621621621623 0.04088586030664395 0.02195945945945946 
3 0.727427597955707 0.44932432432432434 0.02385008517887564 0.04222972972972973 
5 0.6575809199318569 0.5287162162162162 0.06132879045996593 0.05912162162162162 
