5 0.06810035842293907 0.6280373831775701 0.06093189964157706 0.06728971962616823 
5 0.12365591397849462 0.5551401869158878 0.06989247311827956 0.07289719626168224 
5 0.02867383512544803 0.7364485981308411 0.06272401433691756 0.06542056074766354 
5 0.025089605734767026 0.8299065420560747 0.06272401433691756 0.06542056074766354 
5 0.7275985663082437 0.5551401869158878 0.06810035842293907 0.07289719626168224 
5 0.6935483870967742 0.6280373831775701 0.06272401433691756 0.06728971962616823 
5 0.496415770609319 0.6579439252336449 0.06272401433691756 0.06542056074766354 
3 0.5645161290322581 0.5757009345794393 0.021505376344086023 0.04672897196261682 
3 0.6146953405017921 0.6280373831775701 0.043010752688172046 0.026168224299065422 
3 0.3046594982078853 0.4747663551401869 0.025089605734767026 0.04672897196261682 
3 0.35842293906810035 0.6598130841121496 0.025089605734767026 0.044859813084112146 
2 0.4767025089605735 0.9177570093457944 0.023297491039426525 0.028037383177570093 
2 0.5645161290322581 0.8355140186915888 0.023297491039426525 0.024299065420560748 
5 0.6559139784946236 0.7364485981308411 0.06272401433691756 0.06728971962616823 
5 0.6541218637992832 0.8299065420560747 0.06272401433691756 0.06728971962616823 
3 0.9372759856630825 0.4897196261682243 0.023297491039426525 0.044859813084112146 
3 0.992831541218638 0.6598130841121496 0.025089605734767026 0.044859813084112146 
3 0.3064516129032258 0.018691588785046728 0.025089605734767026 0.04672897196261682 
5 0.23297491039426524 0.10654205607476636 0.06451612903225806 0.06542056074766354 
