5 0.967128027681661 0.7571428571428571 0.06228373702422145 0.0625 
5 0.9653979238754326 0.6696428571428571 0.06228373702422145 0.0625 
3 0.8148788927335641 0.6660714285714285 0.039792387543252594 0.02142857142857143 
3 0.8858131487889274 0.7053571428571429 0.02422145328719723 0.04285714285714286 
3 0.8858131487889274 0.7946428571428571 0.02422145328719723 0.04285714285714286 
3 0.8166089965397924 0.7553571428571428 0.04325259515570934 0.02142857142857143 
5 0.3754325259515571 0.3267857142857143 0.06401384083044982 0.06607142857142857 
5 0.3633217993079585 0.42142857142857143 0.058823529411764705 0.0625 
3 0.29930795847750863 0.6875 0.04152249134948097 0.023214285714285715 
3 0.36678200692041524 0.6875 0.04325259515570934 0.025 
5 0.5259515570934256 0.9696428571428571 0.06055363321799308 0.06428571428571428 
3 0.5899653979238755 0.8928571428571429 0.02249134948096886 0.04285714285714286 
