5 0.379746835443038 0.09151785714285714 0.09620253164556962 0.08705357142857142 
5 0.33164556962025316 0.17857142857142858 0.08860759493670886 0.08035714285714286 
5 0.053164556962025315 0.21428571428571427 0.08860759493670886 0.078125 
3 0.14936708860759493 0.11607142857142858 0.030379746835443037 0.05580357142857143 
3 0.22025316455696203 0.17857142857142858 0.060759493670886074 0.03125 
2 0.02531645569620253 0.5245535714285714 0.03291139240506329 0.033482142857142856 
2 0.14936708860759493 0.4263392857142857 0.03291139240506329 0.029017857142857144 
5 0.27848101265822783 0.3080357142857143 0.08860759493670886 0.08035714285714286 
5 0.2759493670886076 0.41964285714285715 0.08860759493670886 0.08035714285714286 
3 0.6759493670886076 0.013392857142857142 0.03291139240506329 0.05357142857142857 
3 0.7544303797468355 0.21651785714285715 0.035443037974683546 0.05357142857142857 
5 0.9493670886075949 0.21651785714285715 0.08860759493670886 0.078125 
2 0.9139240506329114 0.5245535714285714 0.03291139240506329 0.03125 
