5 0.41254752851711024 0.0873015873015873 0.06844106463878327 0.07142857142857142 
5 0.6596958174904943 0.06547619047619048 0.06653992395437262 0.06944444444444445 
0 0.5665399239543726 0.2916666666666667 0.026615969581749048 0.047619047619047616 
3 0.7490494296577946 0.39285714285714285 0.045627376425855515 0.025793650793650792 
3 0.8840304182509505 0.39285714285714285 0.043726235741444866 0.027777777777777776 
3 0.8155893536121673 0.4801587301587302 0.043726235741444866 0.023809523809523808 
0 0.5665399239543726 0.6111111111111112 0.026615969581749048 0.047619047619047616 
2 0.5665399239543726 0.6805555555555556 0.026615969581749048 0.025793650793650792 
3 0.3155893536121673 0.39087301587301587 0.045627376425855515 0.025793650793650792 
0 0.3916349809885932 0.44642857142857145 0.024714828897338403 0.047619047619047616 
