5 0.9927007299270073 0.012411347517730497 0.05656934306569343 0.05319148936170213 
5 0.5218978102189781 0.3120567375886525 0.05474452554744526 0.05319148936170213 
5 0.5967153284671532 0.5053191489361702 0.05656934306569343 0.0549645390070922 
5 0.6642335766423357 0.5035460992907801 0.05656934306569343 0.05673758865248227 
5 0.44343065693430656 0.50177304964539 0.05656934306569343 0.05319148936170213 
2 0.5784671532846716 0.36347517730496454 0.01824817518248175 0.01773049645390071 
2 0.5437956204379562 0.3953900709219858 0.01824817518248175 0.01773049645390071 
3 0.45985401459854014 0.8971631205673759 0.021897810218978103 0.03546099290780142 
3 0.5547445255474452 0.8971631205673759 0.020072992700729927 0.03546099290780142 
3 0.5182481751824818 0.9308510638297872 0.0364963503649635 0.01773049645390071 
0 0.5547445255474452 0.975177304964539 0.020072992700729927 0.03368794326241135 
5 0.6076642335766423 0.9343971631205674 0.05656934306569343 0.0549645390070922 
4 0.3266423357664234 0.5656028368794326 0.04927007299270073 0.012411347517730497 
4 0.958029197080292 0.0851063829787234 0.014598540145985401 0.04609929078014184 
