5 0.896484375 0.431640625 0.0859375 0.0859375 
5 0.55078125 0.658203125 0.083984375 0.0859375 
2 0.982421875 0.509765625 0.02734375 0.029296875 
2 0.9296875 0.560546875 0.029296875 0.029296875 
3 0.9296875 0.634765625 0.029296875 0.052734375 
3 0.978515625 0.587890625 0.052734375 0.029296875 
4 0.501953125 0.76953125 0.021484375 0.068359375 
4 0.591796875 0.75 0.072265625 0.01953125 
4 0.7578125 0.751953125 0.072265625 0.01953125 
4 0.865234375 0.751953125 0.0703125 0.01953125 
3 0.646484375 0.89453125 0.02734375 0.05078125 
3 0.75390625 0.89453125 0.029296875 0.052734375 
