5 0.04146730462519936 0.2620578778135048 0.13556618819776714 0.13665594855305466 
2 0.74481658692185 0.017684887459807074 0.046251993620414676 0.04340836012861737 
2 0.6602870813397129 0.10128617363344052 0.046251993620414676 0.04501607717041801 
2 0.6586921850079744 0.22186495176848875 0.04784688995215311 0.08681672025723473 
3 0.19298245614035087 0.6511254019292605 0.046251993620414676 0.08681672025723473 
3 0.3763955342902711 0.6511254019292605 0.046251993620414676 0.08681672025723473 
5 0.9904306220095693 0.572347266881029 0.13237639553429026 0.1382636655948553 
4 0.10685805422647528 0.41318327974276525 0.11483253588516747 0.03054662379421222 
4 0.37799043062200954 0.41318327974276525 0.11642743221690591 0.03054662379421222 
4 0.5518341307814992 0.41318327974276525 0.11642743221690591 0.03054662379421222 
