5 0.16435185185185186 0.032036613272311214 0.08564814814814815 0.08237986270022883 
5 0.38657407407407407 0.032036613272311214 0.08564814814814815 0.08237986270022883 
5 0.6875 0.020594965675057208 0.08333333333333333 0.08466819221967964 
5 0.8564814814814815 0.43478260869565216 0.08564814814814815 0.08466819221967964 
5 0.8518518518518519 0.7025171624713958 0.08564814814814815 0.08237986270022883 
5 0.49537037037037035 0.8604118993135011 0.08564814814814815 0.08237986270022883 
0 0.26157407407407407 0.14874141876430205 0.03935185185185185 0.02745995423340961 
0 0.037037037037037035 0.2311212814645309 0.03935185185185185 0.020594965675057208 
0 0.7731481481481481 0.2929061784897025 0.041666666666666664 0.02288329519450801 
0 0.7731481481481481 0.10755148741418764 0.037037037037037035 0.02517162471395881 
0 0.7407407407407407 0.7963386727688787 0.02546296296296296 0.038901601830663615 
0 0.6087962962962963 0.6430205949656751 0.02546296296296296 0.038901601830663615 
