5 0.8539741219963032 0.2014260249554367 0.14417744916820702 0.14260249554367202 
2 0.9075785582255084 0.42245989304812837 0.04805914972273567 0.0481283422459893 
3 0.8243992606284658 0.47058823529411764 0.09057301293900184 0.0481283422459893 
3 0.9094269870609981 0.5490196078431373 0.04621072088724584 0.0855614973262032 
5 0.41035120147874304 0.910873440285205 0.14602587800369685 0.1408199643493761 
5 0.6469500924214417 0.910873440285205 0.14417744916820702 0.1408199643493761 
5 0.8410351201478743 0.910873440285205 0.14972273567467653 0.1408199643493761 
3 0.051756007393715345 0.5490196078431373 0.04990757855822551 0.0855614973262032 
2 0.051756007393715345 0.42602495543672014 0.04990757855822551 0.04634581105169341 
3 0.133086876155268 0.46702317290552586 0.09242144177449169 0.049910873440285206 
2 0.14048059149722736 0.3422459893048128 0.04805914972273567 0.04634581105169341 
