5 0.06403940886699508 0.1285475792988314 0.05090311986863711 0.05008347245409015 
5 0.1297208538587849 0.1285475792988314 0.05090311986863711 0.05008347245409015 
5 0.26436781609195403 0.12687813021702837 0.05090311986863711 0.05175292153589316 
2 0.3136288998357964 0.9415692821368948 0.016420361247947456 0.01669449081803005 
5 0.4039408866995074 0.8831385642737897 0.05090311986863711 0.05008347245409015 
5 0.48932676518883417 0.8814691151919867 0.05090311986863711 0.05008347245409015 
5 0.5205254515599343 0.9515859766277128 0.052545155993431854 0.05342237061769616 
5 0.4466338259441708 0.9565943238731218 0.052545155993431854 0.05175292153589316 
5 0.6995073891625616 0.9131886477462438 0.05090311986863711 0.05342237061769616 
5 0.5862068965517241 0.7412353923205343 0.05090311986863711 0.05175292153589316 
3 0.9014778325123153 0.67779632721202 0.03284072249589491 0.01669449081803005 
3 0.8784893267651889 0.986644407345576 0.029556650246305417 0.018363939899833055 
2 0.6502463054187192 0.9849749582637729 0.016420361247947456 0.01669449081803005 
5 0.5862068965517241 0.9515859766277128 0.041050903119868636 0.041736227045075125 
