5 0.02584493041749503 0.4904214559386973 0.07952286282306163 0.07662835249042145 
2 0.10337972166998012 0.5613026819923371 0.027833001988071572 0.022988505747126436 
2 0.0536779324055666 0.60727969348659 0.027833001988071572 0.02490421455938697 
5 0.12922465208747516 0.7605363984674329 0.07952286282306163 0.07662835249042145 
5 0.22664015904572565 0.7624521072796935 0.07952286282306163 0.07662835249042145 
3 0.7793240556660039 0.7969348659003831 0.02584493041749503 0.04789272030651341 
3 0.7753479125248509 0.2835249042145594 0.027833001988071572 0.04789272030651341 
3 0.8807157057654076 0.2835249042145594 0.027833001988071572 0.04597701149425287 
5 0.6878727634194831 0.07088122605363985 0.07554671968190854 0.07471264367816093 
4 0.6401590457256461 0.1743295019157088 0.019880715705765408 0.06321839080459771 
4 0.7256461232604374 0.15708812260536398 0.06560636182902585 0.01532567049808429 
4 0.882703777335984 0.15708812260536398 0.0636182902584493 0.01532567049808429 
4 0.9840954274353877 0.15517241379310345 0.06759443339960239 0.01532567049808429 
