5 0.7285714285714285 0.3564516129032258 0.06984126984126984 0.07096774193548387 
5 0.44761904761904764 0.5435483870967742 0.06825396825396825 0.07096774193548387 
5 0.9222222222222223 0.7 0.06666666666666667 0.06774193548387097 
2 0.7984126984126985 0.42096774193548386 0.022222222222222223 0.024193548387096774 
2 0.7555555555555555 0.4629032258064516 0.023809523809523808 0.024193548387096774 
3 0.7555555555555555 0.5241935483870968 0.023809523809523808 0.043548387096774194 
3 0.7952380952380952 0.4854838709677419 0.04285714285714286 0.024193548387096774 
4 0.40793650793650793 0.635483870967742 0.01746031746031746 0.056451612903225805 
4 0.48095238095238096 0.6193548387096774 0.05873015873015873 0.016129032258064516 
4 0.6158730158730159 0.6209677419354839 0.05873015873015873 0.016129032258064516 
4 0.7031746031746032 0.6209677419354839 0.05714285714285714 0.016129032258064516 
3 0.5253968253968254 0.7387096774193549 0.022222222222222223 0.041935483870967745 
3 0.6126984126984127 0.7387096774193549 0.023809523809523808 0.043548387096774194 
