5 0.025390625 0.158203125 0.083984375 0.083984375 
2 0.943359375 0.0078125 0.02734375 0.02734375 
2 0.892578125 0.060546875 0.02734375 0.02734375 
3 0.845703125 0.087890625 0.052734375 0.02734375 
3 0.892578125 0.13671875 0.029296875 0.052734375 
2 0.45703125 0.009765625 0.029296875 0.02734375 
2 0.404296875 0.0625 0.029296875 0.02734375 
2 0.404296875 0.134765625 0.029296875 0.052734375 
3 0.119140625 0.396484375 0.029296875 0.052734375 
3 0.23046875 0.396484375 0.029296875 0.052734375 
5 0.607421875 0.34765625 0.08203125 0.083984375 
5 0.740234375 0.34765625 0.08203125 0.080078125 
5 0.8515625 0.34765625 0.0859375 0.08203125 
3 0.115234375 0.955078125 0.029296875 0.052734375 
3 0.435546875 0.916015625 0.029296875 0.052734375 
4 0.06640625 0.251953125 0.0703125 0.01953125 
4 0.23046875 0.251953125 0.072265625 0.01953125 
4 0.337890625 0.251953125 0.072265625 0.01953125 
