3 0.12890625 0.68359375 0.01953125 0.037109375 
3 0.208984375 0.68359375 0.021484375 0.037109375 
5 0.478515625 0.650390625 0.060546875 0.05859375 
5 0.576171875 0.650390625 0.060546875 0.05859375 
5 0.654296875 0.650390625 0.060546875 0.05859375 
5 0.814453125 0.6484375 0.060546875 0.060546875 
2 0.33203125 0.4453125 0.01953125 0.021484375 
2 0.37109375 0.408203125 0.01953125 0.01953125 
2 0.720703125 0.40625 0.021484375 0.01953125 
2 0.68359375 0.443359375 0.01953125 0.01953125 
3 0.646484375 0.462890625 0.0390625 0.021484375 
3 0.68359375 0.49609375 0.01953125 0.0390625 
3 0.33203125 0.49609375 0.0234375 0.0390625 
3 0.3671875 0.462890625 0.037109375 0.01953125 
5 0.0625 0.513671875 0.060546875 0.05859375 
5 0.310546875 0.3515625 0.060546875 0.05859375 
5 0.66015625 0.349609375 0.060546875 0.05859375 
4 0.025390625 0.59375 0.015625 0.05078125 
4 0.091796875 0.580078125 0.048828125 0.013671875 
4 0.208984375 0.580078125 0.048828125 0.013671875 
4 0.28515625 0.58203125 0.05078125 0.013671875 
