5 0.5555555555555556 0.9511627906976744 0.14657210401891252 0.14186046511627906 
5 0.7919621749408984 0.9511627906976744 0.14420803782505912 0.14186046511627906 
5 0.9787234042553191 0.9511627906976744 0.14420803782505912 0.14186046511627906 
2 0.20094562647754138 0.46511627906976744 0.04491725768321513 0.05116279069767442 
2 0.2907801418439716 0.3767441860465116 0.04964539007092199 0.046511627906976744 
3 0.9621749408983451 0.5069767441860465 0.09456264775413711 0.05116279069767442 
3 0.20094562647754138 0.5883720930232558 0.054373522458628844 0.09302325581395349 
3 0.28368794326241137 0.5069767441860465 0.08983451536643026 0.046511627906976744 
5 0.14657210401891252 0.2441860465116279 0.14420803782505912 0.14186046511627906 
5 0.9929078014184397 0.2372093023255814 0.14657210401891252 0.13953488372093023 
4 0.08747044917257683 0.7883720930232558 0.12293144208037825 0.03488372093023256 
