3 0.563922942206655 0.6363636363636364 0.017513134851138354 0.034545454545454546 
3 0.6357267950963222 0.6363636363636364 0.01926444833625219 0.034545454545454546 
5 0.8774080560420315 0.6054545454545455 0.0542907180385289 0.05454545454545454 
5 0.9649737302977233 0.6054545454545455 0.0542907180385289 0.05454545454545454 
2 0.7460595446584939 0.41454545454545455 0.017513134851138354 0.02 
2 0.7810858143607706 0.38 0.017513134851138354 0.01818181818181818 
3 0.7460595446584939 0.4618181818181818 0.021015761821366025 0.03636363636363636 
3 0.7775831873905429 0.4309090909090909 0.03327495621716287 0.01818181818181818 
5 0.5043782837127846 0.4781818181818182 0.0542907180385289 0.05454545454545454 
5 0.7267950963222417 0.32727272727272727 0.0542907180385289 0.05454545454545454 
5 0.05253940455341506 0.7854545454545454 0.05253940455341506 0.05454545454545454 
5 0.1243432574430823 0.9836363636363636 0.0542907180385289 0.056363636363636366 
5 0.18914185639229422 0.9818181818181818 0.0542907180385289 0.05818181818181818 
2 0.10683012259194395 0.8381818181818181 0.017513134851138354 0.01818181818181818 
2 0.07355516637478109 0.8709090909090909 0.017513134851138354 0.01818181818181818 
3 0.7670753064798599 0.9818181818181818 0.021015761821366025 0.03636363636363636 
4 0.4711033274956217 0.5527272727272727 0.014010507880910683 0.04727272727272727 
4 0.5306479859894921 0.54 0.043782837127845885 0.012727272727272728 
4 0.6357267950963222 0.54 0.043782837127845885 0.012727272727272728 
4 0.7040280210157618 0.5418181818181819 0.04553415061295972 0.012727272727272728 
