5 0.025390625 0.5 0.078125 0.078125 
2 0.1015625 0.572265625 0.02734375 0.0234375 
2 0.052734375 0.619140625 0.02734375 0.025390625 
5 0.126953125 0.775390625 0.078125 0.078125 
5 0.22265625 0.77734375 0.078125 0.078125 
3 0.765625 0.8125 0.025390625 0.048828125 
3 0.76171875 0.2890625 0.02734375 0.048828125 
3 0.865234375 0.2890625 0.02734375 0.046875 
5 0.67578125 0.072265625 0.07421875 0.076171875 
4 0.62890625 0.177734375 0.01953125 0.064453125 
4 0.712890625 0.16015625 0.064453125 0.015625 
4 0.8671875 0.16015625 0.0625 0.015625 
4 0.966796875 0.158203125 0.06640625 0.015625 
