5 0.10084033613445378 0.2571428571428571 0.08907563025210084 0.08907563025210084 
5 0.626890756302521 0.253781512605042 0.08907563025210084 0.08739495798319327 
5 0.3563025210084034 0.7058823529411765 0.0907563025210084 0.0907563025210084 
5 0.5008403361344538 0.7058823529411765 0.08907563025210084 0.0907563025210084 
5 0.6201680672268908 0.7058823529411765 0.0907563025210084 0.08907563025210084 
5 0.8605042016806723 0.7058823529411765 0.0907563025210084 0.0907563025210084 
2 0.7176470588235294 0.33949579831932775 0.030252100840336135 0.02689075630252101 
2 0.6621848739495798 0.3949579831932773 0.02857142857142857 0.02857142857142857 
3 0.6100840336134454 0.4235294117647059 0.05546218487394958 0.030252100840336135 
3 0.6621848739495798 0.4756302521008403 0.02857142857142857 0.05378151260504202 
3 0.13445378151260504 0.4756302521008403 0.02857142857142857 0.05546218487394958 
3 0.18487394957983194 0.4235294117647059 0.05714285714285714 0.030252100840336135 
2 0.1361344537815126 0.39663865546218485 0.02857142857142857 0.02857142857142857 
2 0.1899159663865546 0.3411764705882353 0.030252100840336135 0.030252100840336135 
4 0.06554621848739496 0.6016806722689075 0.07563025210084033 0.020168067226890758 
