3 0.12890625 0.083984375 0.0234375 0.037109375 
3 0.35546875 0.0546875 0.0234375 0.0390625 
3 0.259765625 0.248046875 0.01953125 0.0390625 
5 0.400390625 0.19140625 0.060546875 0.05859375 
0 0.353515625 0.248046875 0.01953125 0.0390625 
3 0.31640625 0.19921875 0.0390625 0.021484375 
3 0.31640625 0.296875 0.0390625 0.01953125 
3 0.35546875 0.33203125 0.0234375 0.037109375 
5 0.28125 0.484375 0.060546875 0.05859375 
2 0.873046875 0.6015625 0.01953125 0.01953125 
5 0.98046875 0.533203125 0.060546875 0.05859375 
4 0.33984375 0.546875 0.052734375 0.013671875 
