5 0.6171875 0.298828125 0.103515625 0.103515625 
5 0.181640625 0.58203125 0.103515625 0.1015625 
5 0.9140625 0.8203125 0.10546875 0.10546875 
3 0.65625 0.552734375 0.033203125 0.064453125 
3 0.71484375 0.4921875 0.06640625 0.03515625 
2 0.658203125 0.4609375 0.033203125 0.033203125 
2 0.720703125 0.396484375 0.03515625 0.03515625 
3 0.30078125 0.87890625 0.037109375 0.064453125 
3 0.439453125 0.87890625 0.03515625 0.064453125 
4 0.12109375 0.72265625 0.025390625 0.087890625 
4 0.232421875 0.697265625 0.0859375 0.025390625 
4 0.44140625 0.697265625 0.087890625 0.025390625 
4 0.576171875 0.69921875 0.087890625 0.0234375 
