5 0.02443609022556391 0.14972273567467653 0.08082706766917293 0.07948243992606285 
2 0.9078947368421053 0.0073937153419593345 0.02631578947368421 0.025878003696857672 
2 0.8590225563909775 0.05730129390018484 0.02631578947368421 0.025878003696857672 
3 0.8139097744360902 0.08317929759704251 0.05075187969924812 0.025878003696857672 
3 0.8590225563909775 0.12939001848428835 0.02819548872180451 0.04990757855822551 
2 0.4398496240601504 0.009242144177449169 0.02819548872180451 0.025878003696857672 
2 0.3890977443609023 0.059149722735674676 0.02819548872180451 0.025878003696857672 
2 0.3890977443609023 0.12754158964879853 0.02819548872180451 0.04990757855822551 
3 0.11466165413533834 0.3752310536044362 0.02819548872180451 0.04990757855822551 
3 0.22180451127819548 0.3752310536044362 0.02819548872180451 0.04990757855822551 
5 0.5845864661654135 0.3290203327171904 0.07894736842105263 0.07948243992606285 
5 0.7124060150375939 0.3290203327171904 0.07894736842105263 0.07578558225508318 
5 0.8195488721804511 0.3290203327171904 0.08270676691729323 0.07763401109057301 
3 0.11090225563909774 0.9038817005545287 0.02819548872180451 0.04990757855822551 
3 0.4191729323308271 0.866913123844732 0.02819548872180451 0.04990757855822551 
4 0.06390977443609022 0.23844731977818853 0.06766917293233082 0.018484288354898338 
4 0.22180451127819548 0.23844731977818853 0.06954887218045112 0.018484288354898338 
4 0.325187969924812 0.23844731977818853 0.06954887218045112 0.018484288354898338 
