5 0.5917602996254682 0.299412915851272 0.09925093632958802 0.10371819960861056 
5 0.17415730337078653 0.5831702544031311 0.09925093632958802 0.10176125244618395 
5 0.8764044943820225 0.821917808219178 0.10112359550561797 0.10567514677103718 
3 0.6292134831460674 0.5538160469667319 0.031835205992509365 0.06457925636007827 
3 0.6853932584269663 0.4931506849315068 0.06367041198501873 0.03522504892367906 
2 0.6310861423220974 0.461839530332681 0.031835205992509365 0.033268101761252444 
2 0.6910112359550562 0.3972602739726027 0.033707865168539325 0.03522504892367906 
3 0.2883895131086142 0.8806262230919765 0.035580524344569285 0.06457925636007827 
3 0.42134831460674155 0.8806262230919765 0.033707865168539325 0.06457925636007827 
4 0.11610486891385768 0.7240704500978473 0.024344569288389514 0.08806262230919765 
4 0.22284644194756553 0.6986301369863014 0.08239700374531835 0.025440313111545987 
4 0.4232209737827715 0.6986301369863014 0.08426966292134831 0.025440313111545987 
4 0.552434456928839 0.700587084148728 0.08426966292134831 0.023483365949119372 
