5 0.5356521739130434 0.2885662431941924 0.09217391304347826 0.09800362976406533 
5 0.6678260869565218 0.2885662431941924 0.09217391304347826 0.09618874773139746 
5 0.8 0.2885662431941924 0.09391304347826086 0.09618874773139746 
5 0.9252173913043479 0.2885662431941924 0.09217391304347826 0.09618874773139746 
5 0.10434782608695652 0.7422867513611615 0.09217391304347826 0.09618874773139746 
5 0.648695652173913 0.7386569872958257 0.09217391304347826 0.09437386569872959 
2 0.7426086956521739 0.8312159709618875 0.03130434782608696 0.029038112522686024 
2 0.6852173913043478 0.8911070780399274 0.029565217391304348 0.030852994555353903 
3 0.6313043478260869 0.9219600725952813 0.057391304347826085 0.032667876588021776 
3 0.6852173913043478 0.9782214156079855 0.029565217391304348 0.05807622504537205 
3 0.1391304347826087 0.9782214156079855 0.029565217391304348 0.05989110707803993 
3 0.19130434782608696 0.9219600725952813 0.059130434782608696 0.032667876588021776 
2 0.1408695652173913 0.8929219600725953 0.029565217391304348 0.030852994555353903 
2 0.19652173913043477 0.8330308529945554 0.03130434782608696 0.032667876588021776 
