3 0.12815533980582525 0.6679389312977099 0.019417475728155338 0.03625954198473282 
3 0.20776699029126214 0.6679389312977099 0.021359223300970873 0.03625954198473282 
5 0.47572815533980584 0.6354961832061069 0.06019417475728155 0.05725190839694656 
5 0.5728155339805825 0.6354961832061069 0.06019417475728155 0.05725190839694656 
5 0.6504854368932039 0.6354961832061069 0.06019417475728155 0.05725190839694656 
5 0.8097087378640777 0.6335877862595419 0.06019417475728155 0.05916030534351145 
2 0.3300970873786408 0.4351145038167939 0.019417475728155338 0.02099236641221374 
2 0.36893203883495146 0.3988549618320611 0.019417475728155338 0.019083969465648856 
2 0.7165048543689321 0.3969465648854962 0.021359223300970873 0.019083969465648856 
2 0.6796116504854369 0.43320610687022904 0.019417475728155338 0.019083969465648856 
3 0.6427184466019418 0.45229007633587787 0.038834951456310676 0.02099236641221374 
3 0.6796116504854369 0.4847328244274809 0.019417475728155338 0.03816793893129771 
3 0.3300970873786408 0.4847328244274809 0.02330097087378641 0.03816793893129771 
3 0.3650485436893204 0.45229007633587787 0.036893203883495145 0.019083969465648856 
5 0.062135922330097085 0.5019083969465649 0.06019417475728155 0.05725190839694656 
5 0.3087378640776699 0.3435114503816794 0.06019417475728155 0.05725190839694656 
5 0.6563106796116505 0.3416030534351145 0.06019417475728155 0.05725190839694656 
4 0.02524271844660194 0.5801526717557252 0.015533980582524271 0.04961832061068702 
4 0.0912621359223301 0.566793893129771 0.04854368932038835 0.013358778625954198 
4 0.20776699029126214 0.566793893129771 0.04854368932038835 0.013358778625954198 
4 0.283495145631068 0.5687022900763359 0.05048543689320388 0.013358778625954198 
