5 0.05078125 0.158203125 0.083984375 0.0859375 
5 0.634765625 0.34765625 0.08203125 0.08203125 
5 0.76953125 0.34765625 0.083984375 0.083984375 
5 0.880859375 0.34765625 0.083984375 0.083984375 
2 0.482421875 0.009765625 0.02734375 0.029296875 
2 0.4296875 0.060546875 0.029296875 0.029296875 
3 0.4296875 0.134765625 0.029296875 0.052734375 
3 0.478515625 0.087890625 0.052734375 0.029296875 
3 0.87109375 0.087890625 0.05078125 0.029296875 
3 0.919921875 0.134765625 0.029296875 0.052734375 
2 0.919921875 0.060546875 0.029296875 0.029296875 
2 0.970703125 0.0078125 0.029296875 0.02734375 
3 0.4609375 0.916015625 0.029296875 0.052734375 
3 0.146484375 0.955078125 0.029296875 0.052734375 
4 0.001953125 0.26953125 0.021484375 0.068359375 
4 0.091796875 0.25 0.072265625 0.01953125 
4 0.2578125 0.251953125 0.072265625 0.01953125 
4 0.365234375 0.251953125 0.0703125 0.01953125 
3 0.146484375 0.39453125 0.02734375 0.05078125 
3 0.25390625 0.39453125 0.029296875 0.052734375 
