5 0.10163339382940109 0.0017793594306049821 0.07078039927404718 0.06405693950177936 
5 0.025408348457350273 0.1423487544483986 0.06896551724137931 0.06405693950177936 
5 0.3430127041742287 0.14412811387900357 0.06715063520871144 0.06405693950177936 
5 0.2776769509981851 0.5 0.06715063520871144 0.06583629893238434 
5 0.4283121597096189 0.6103202846975089 0.06715063520871144 0.06405693950177936 
5 0.5009074410163339 0.608540925266904 0.06533575317604355 0.06583629893238434 
5 0.5662431941923775 0.5480427046263345 0.06715063520871144 0.06405693950177936 
5 0.9546279491833031 0.4412811387900356 0.06896551724137931 0.06405693950177936 
5 0.07441016333938294 0.9270462633451957 0.06533575317604355 0.06583629893238434 
5 0.6787658802177858 0.9733096085409253 0.06896551724137931 0.06405693950177936 
0 0.3430127041742287 0.051601423487544484 0.030852994555353903 0.017793594306049824 
0 0.705989110707804 0.051601423487544484 0.030852994555353903 0.017793594306049824 
0 0.14156079854809436 0.994661921708185 0.029038112522686024 0.019572953736654804 
0 0.5662431941923775 0.6903914590747331 0.030852994555353903 0.019572953736654804 
0 0.37568058076225047 0.498220640569395 0.019963702359346643 0.030249110320284697 
0 0.896551724137931 0.49644128113879005 0.029038112522686024 0.019572953736654804 
