5 0.2129032258064516 0.4310077519379845 0.07258064516129033 0.06666666666666667 
5 0.3096774193548387 0.4310077519379845 0.07096774193548387 0.06666666666666667 
5 0.29838709677419356 0.737984496124031 0.06774193548387097 0.06666666666666667 
2 0.36612903225806454 0.8 0.02258064516129032 0.021705426356589147 
2 0.3241935483870968 0.8418604651162791 0.02258064516129032 0.021705426356589147 
3 0.2854838709677419 0.8635658914728682 0.043548387096774194 0.021705426356589147 
3 0.3241935483870968 0.9023255813953488 0.024193548387096774 0.04186046511627907 
2 0.6967741935483871 0.4806201550387597 0.06129032258064516 0.05891472868217054 
2 0.5741935483870968 0.5984496124031008 0.06129032258064516 0.05891472868217054 
3 0.5725806451612904 0.7627906976744186 0.06612903225806452 0.11782945736434108 
3 0.6854838709677419 0.6558139534883721 0.12258064516129032 0.06201550387596899 
5 0.4967741935483871 0.3023255813953488 0.19193548387096773 0.18449612403100776 
