3 0.897196261682243 0.0076045627376425855 0.04672897196261682 0.024714828897338403 
3 0.9383177570093458 0.049429657794676805 0.024299065420560748 0.045627376425855515 
3 0.4130841121495327 0.9980988593155894 0.026168224299065422 0.04752851711026616 
0 0.5327102803738317 0.9961977186311787 0.026168224299065422 0.045627376425855515 
5 0.5887850467289719 0.9258555133079848 0.07476635514018691 0.07604562737642585 
3 0.48411214953271026 0.935361216730038 0.04672897196261682 0.024714828897338403 
3 0.5327102803738317 0.7566539923954373 0.026168224299065422 0.045627376425855515 
3 0.2542056074766355 0.7908745247148289 0.024299065420560748 0.04752851711026616 
3 0.2504672897196262 0.2813688212927757 0.026168224299065422 0.04752851711026616 
3 0.34953271028037386 0.2813688212927757 0.026168224299065422 0.045627376425855515 
5 0.685981308411215 0.2414448669201521 0.07476635514018691 0.0741444866920152 
5 0.805607476635514 0.2414448669201521 0.07289719626168224 0.0741444866920152 
5 0.9046728971962616 0.2414448669201521 0.07663551401869159 0.0741444866920152 
5 0.16822429906542055 0.07034220532319392 0.07102803738317758 0.0741444866920152 
3 0.5046728971962616 0.049429657794676805 0.026168224299065422 0.045627376425855515 
3 0.5457943925233645 0.005703422053231939 0.04672897196261682 0.026615969581749048 
4 0.1233644859813084 0.17300380228136883 0.018691588785046728 0.06273764258555133 
4 0.20373831775700935 0.155893536121673 0.0616822429906542 0.015209125475285171 
4 0.3514018691588785 0.155893536121673 0.059813084112149535 0.015209125475285171 
4 0.44672897196261685 0.15399239543726237 0.06355140186915888 0.015209125475285171 
