3 0.7540983606557377 0.8009153318077803 0.0234192037470726 0.043478260869565216 
3 0.8501170960187353 0.8009153318077803 0.02576112412177986 0.043478260869565216 
2 0.9976580796252927 0.5217391304347826 0.0234192037470726 0.02517162471395881 
3 0.9976580796252927 0.5812356979405034 0.02810304449648712 0.04576659038901602 
5 0.6744730679156908 0.6018306636155606 0.07259953161592506 0.06864988558352403 
5 0.9718969555035128 0.41189931350114417 0.07259953161592506 0.06864988558352403 
5 0.0702576112412178 0.988558352402746 0.0702576112412178 0.06864988558352403 
4 0.629976580796253 0.6956521739130435 0.01873536299765808 0.059496567505720827 
4 0.7096018735362998 0.6796338672768879 0.0585480093676815 0.016018306636155607 
4 0.8501170960187353 0.6796338672768879 0.0585480093676815 0.016018306636155607 
4 0.9414519906323185 0.6819221967963387 0.06088992974238876 0.016018306636155607 
