5 0.1015625 0.318359375 0.16796875 0.169921875 
2 0.962890625 0.021484375 0.0546875 0.056640625 
2 0.857421875 0.12109375 0.05859375 0.056640625 
3 0.857421875 0.26953125 0.056640625 0.103515625 
3 0.955078125 0.173828125 0.103515625 0.05859375 
4 0.001953125 0.541015625 0.04296875 0.134765625 
4 0.18359375 0.501953125 0.14453125 0.037109375 
4 0.517578125 0.501953125 0.142578125 0.037109375 
4 0.728515625 0.501953125 0.140625 0.037109375 
3 0.291015625 0.787109375 0.0546875 0.1015625 
3 0.5078125 0.787109375 0.056640625 0.10546875 
