5 0.3309222423146474 0.46897810218978103 0.07233273056057866 0.072992700729927 
5 0.4321880650994575 0.46897810218978103 0.07233273056057866 0.072992700729927 
5 0.5352622061482821 0.46897810218978103 0.07233273056057866 0.072992700729927 
5 0.6292947558770343 0.46897810218978103 0.0705244122965642 0.072992700729927 
5 0.7160940325497287 0.46897810218978103 0.07233273056057866 0.072992700729927 
5 0.7974683544303798 0.4708029197080292 0.0705244122965642 0.06934306569343066 
5 0.4177215189873418 0.8029197080291971 0.0705244122965642 0.072992700729927 
2 0.49005424954792043 0.8740875912408759 0.027124773960216998 0.023722627737226276 
2 0.4448462929475588 0.916058394160584 0.023508137432188065 0.023722627737226276 
3 0.4050632911392405 0.9416058394160584 0.045207956600361664 0.023722627737226276 
3 0.4448462929475588 0.9817518248175182 0.023508137432188065 0.043795620437956206 
3 0.02531645569620253 0.9817518248175182 0.02531645569620253 0.043795620437956206 
2 0.02531645569620253 0.9178832116788321 0.02531645569620253 0.023722627737226276 
3 0.0650994575045208 0.9397810218978102 0.045207956600361664 0.025547445255474453 
2 0.06871609403254973 0.8759124087591241 0.023508137432188065 0.023722627737226276 
