5 0.8117154811715481 0.044 0.09414225941422594 0.086 
5 0.9372384937238494 0.044 0.09205020920502092 0.086 
5 0.027196652719665274 0.674 0.0899581589958159 0.086 
5 0.9225941422594143 0.44 0.08786610878661087 0.086 
2 0.9560669456066946 0.574 0.029288702928870293 0.028 
3 0.9058577405857741 0.602 0.056485355648535567 0.028 
3 0.9560669456066946 0.652 0.03138075313807531 0.054 
2 0.4895397489539749 0.522 0.03138075313807531 0.028 
2 0.4330543933054393 0.576 0.03138075313807531 0.028 
2 0.4330543933054393 0.65 0.03138075313807531 0.054 
3 0.12761506276150628 0.918 0.03138075313807531 0.054 
3 0.24686192468619247 0.918 0.03138075313807531 0.054 
5 0.6506276150627615 0.868 0.08786610878661087 0.086 
5 0.7928870292887029 0.868 0.08786610878661087 0.082 
5 0.9121338912133892 0.868 0.09205020920502092 0.084 
4 0.07112970711297072 0.77 0.07531380753138076 0.02 
4 0.24686192468619247 0.77 0.07740585774058577 0.02 
4 0.3619246861924686 0.77 0.07740585774058577 0.02 
