5 0.8025594149908593 0.4500875656742557 0.07312614259597806 0.07005253940455342 
5 0.9049360146252285 0.4500875656742557 0.07312614259597806 0.07005253940455342 
5 0.8903107861060329 0.7705779334500875 0.0712979890310786 0.07005253940455342 
2 0.9634369287020109 0.8388791593695272 0.027422303473491772 0.02276707530647986 
2 0.9177330895795247 0.8791593695271454 0.02376599634369287 0.02276707530647986 
3 0.8775137111517367 0.9036777583187391 0.04570383912248629 0.02276707530647986 
3 0.9177330895795247 0.9422066549912435 0.02376599634369287 0.04203152364273205 
5 0.46617915904936014 0.7740805604203153 0.0712979890310786 0.07005253940455342 
5 0.16453382084095064 0.9614711033274956 0.06946983546617916 0.06830122591943957 
3 0.4936014625228519 0.9422066549912435 0.025594149908592323 0.04203152364273205 
2 0.4936014625228519 0.8809106830122592 0.025594149908592323 0.02276707530647986 
3 0.5338208409506399 0.9019264448336253 0.04570383912248629 0.024518388791593695 
2 0.5374771480804388 0.840630472854641 0.02376599634369287 0.02276707530647986 
