5 0.2563106796116505 0.043912175648702596 0.08737864077669903 0.08582834331337326 
5 0.37281553398058254 0.043912175648702596 0.0854368932038835 0.08582834331337326 
5 0.3592233009708738 0.43912175648702595 0.08155339805825243 0.08582834331337326 
2 0.4407766990291262 0.5189620758483033 0.027184466019417475 0.027944111776447105 
2 0.39029126213592236 0.5728542914171657 0.027184466019417475 0.027944111776447105 
3 0.34368932038834954 0.6007984031936128 0.05242718446601942 0.027944111776447105 
3 0.39029126213592236 0.6506986027944112 0.02912621359223301 0.05389221556886228 
5 0.10679611650485436 0.8662674650698603 0.08155339805825243 0.08582834331337326 
5 0.23883495145631067 0.8662674650698603 0.08155339805825243 0.08183632734530938 
5 0.34951456310679613 0.8662674650698603 0.0854368932038835 0.08383233532934131 
5 0.570873786407767 0.8662674650698603 0.0854368932038835 0.08582834331337326 
2 0.8388349514563107 0.10778443113772455 0.07378640776699029 0.07584830339321358 
2 0.6912621359223301 0.25948103792415167 0.07378640776699029 0.07584830339321358 
3 0.6893203883495146 0.47105788423153694 0.07961165048543689 0.15169660678642716 
3 0.8252427184466019 0.3333333333333333 0.14757281553398058 0.07984031936127745 
