5 0.00967741935483871 0.07026143790849673 0.1435483870967742 0.14052287581699346 
5 0.2064516129032258 0.0718954248366013 0.1403225806451613 0.1388888888888889 
5 0.18225806451612903 0.7173202614379085 0.13548387096774195 0.1388888888888889 
2 0.3193548387096774 0.8496732026143791 0.04516129032258064 0.0457516339869281 
2 0.23548387096774193 0.9362745098039216 0.04516129032258064 0.0457516339869281 
3 0.15483870967741936 0.9820261437908496 0.08548387096774193 0.0457516339869281 
2 0.9790322580645161 0.17647058823529413 0.12258064516129032 0.12254901960784313 
2 0.7338709677419355 0.42320261437908496 0.12258064516129032 0.12418300653594772 
3 0.7306451612903225 0.7712418300653595 0.13064516129032258 0.24673202614379086 
3 0.9580645161290322 0.545751633986928 0.24516129032258063 0.12908496732026145 
