3 0.12890625 0.18359375 0.01953125 0.037109375 
3 0.208984375 0.18359375 0.021484375 0.037109375 
5 0.478515625 0.150390625 0.060546875 0.05859375 
5 0.576171875 0.150390625 0.060546875 0.05859375 
5 0.654296875 0.150390625 0.060546875 0.05859375 
5 0.814453125 0.1484375 0.060546875 0.060546875 
5 0.0625 0.013671875 0.060546875 0.05859375 
3 0.12890625 0.583984375 0.0234375 0.037109375 
3 0.35546875 0.5546875 0.0234375 0.0390625 
3 0.259765625 0.748046875 0.01953125 0.0390625 
5 0.400390625 0.69140625 0.060546875 0.05859375 
0 0.353515625 0.748046875 0.01953125 0.0390625 
3 0.31640625 0.69921875 0.0390625 0.021484375 
3 0.31640625 0.796875 0.0390625 0.01953125 
3 0.35546875 0.83203125 0.0234375 0.037109375 
5 0.28125 0.984375 0.060546875 0.05859375 
4 0.025390625 0.09375 0.015625 0.05078125 
4 0.091796875 0.080078125 0.048828125 0.013671875 
4 0.208984375 0.080078125 0.048828125 0.013671875 
4 0.28515625 0.08203125 0.05078125 0.013671875 
