5 0.9407894736842105 0.2512315270935961 0.08717105263157894 0.08702791461412152 
5 0.5740131578947368 0.48932676518883417 0.08717105263157894 0.08538587848932677 
3 0.9736842105263158 0.46469622331691296 0.027960526315789474 0.054187192118226604 
2 0.975328947368421 0.38752052545155996 0.027960526315789474 0.027914614121510674 
3 0.6743421052631579 0.7389162561576355 0.03125 0.054187192118226604 
3 0.7911184210526315 0.7389162561576355 0.029605263157894735 0.054187192118226604 
4 0.5230263157894737 0.6075533661740559 0.02138157894736842 0.07389162561576355 
4 0.6167763157894737 0.5862068965517241 0.07236842105263158 0.021346469622331693 
4 0.7927631578947368 0.5862068965517241 0.07401315789473684 0.021346469622331693 
4 0.90625 0.5878489326765188 0.07401315789473684 0.019704433497536946 
