3 0.14831460674157304 0.7865168539325843 0.02247191011235955 0.04269662921348315 
3 0.24044943820224718 0.7865168539325843 0.024719101123595506 0.04269662921348315 
5 0.550561797752809 0.748314606741573 0.0696629213483146 0.06741573033707865 
5 0.6629213483146067 0.748314606741573 0.0696629213483146 0.06741573033707865 
5 0.7528089887640449 0.748314606741573 0.0696629213483146 0.06741573033707865 
5 0.9370786516853933 0.7460674157303371 0.0696629213483146 0.0696629213483146 
2 0.38202247191011235 0.5123595505617977 0.02247191011235955 0.024719101123595506 
2 0.42696629213483145 0.4696629213483146 0.02247191011235955 0.02247191011235955 
2 0.8292134831460675 0.46741573033707867 0.024719101123595506 0.02247191011235955 
2 0.7865168539325843 0.5101123595505618 0.02247191011235955 0.02247191011235955 
3 0.7438202247191011 0.5325842696629214 0.0449438202247191 0.024719101123595506 
3 0.7865168539325843 0.5707865168539326 0.02247191011235955 0.0449438202247191 
3 0.38202247191011235 0.5707865168539326 0.02696629213483146 0.0449438202247191 
3 0.42247191011235957 0.5325842696629214 0.04269662921348315 0.02247191011235955 
5 0.07191011235955057 0.5910112359550562 0.0696629213483146 0.06741573033707865 
5 0.35730337078651686 0.4044943820224719 0.0696629213483146 0.06741573033707865 
5 0.7595505617977528 0.40224719101123596 0.0696629213483146 0.06741573033707865 
4 0.029213483146067417 0.6831460674157304 0.017977528089887642 0.058426966292134834 
4 0.10561797752808989 0.6674157303370787 0.056179775280898875 0.015730337078651686 
4 0.24044943820224718 0.6674157303370787 0.056179775280898875 0.015730337078651686 
4 0.32808988764044944 0.6696629213483146 0.058426966292134834 0.015730337078651686 
