2 0.31414473684210525 0.4975767366720517 0.01644736842105263 0.01615508885298869 
5 0.40460526315789475 0.4410339256865913 0.05098684210526316 0.048465266558966075 
5 0.4901315789473684 0.4394184168012924 0.05098684210526316 0.048465266558966075 
5 0.5213815789473685 0.5072697899838449 0.05263157894736842 0.051696284329563816 
5 0.4473684210526316 0.5121163166397416 0.05263157894736842 0.050080775444264945 
5 0.7006578947368421 0.4701130856219709 0.05098684210526316 0.051696284329563816 
5 0.587171052631579 0.3037156704361874 0.05098684210526316 0.050080775444264945 
3 0.9029605263157895 0.24232633279483037 0.03289473684210526 0.01615508885298869 
3 0.8799342105263158 0.5411954765751211 0.029605263157894735 0.017770597738287562 
2 0.6513157894736842 0.5395799676898223 0.01644736842105263 0.01615508885298869 
5 0.587171052631579 0.5072697899838449 0.04111842105263158 0.04038772213247173 
