3 0.2578125 0.869140625 0.0390625 0.07421875 
3 0.416015625 0.8671875 0.04296875 0.07421875 
5 0.958984375 0.798828125 0.12109375 0.119140625 
2 0.666015625 0.390625 0.037109375 0.04296875 
2 0.740234375 0.31640625 0.041015625 0.0390625 
3 0.666015625 0.494140625 0.044921875 0.078125 
3 0.734375 0.42578125 0.07421875 0.0390625 
5 0.123046875 0.529296875 0.12109375 0.119140625 
5 0.62109375 0.205078125 0.119140625 0.119140625 
4 0.05078125 0.689453125 0.029296875 0.1015625 
4 0.18359375 0.66015625 0.099609375 0.029296875 
4 0.416015625 0.66015625 0.099609375 0.029296875 
4 0.572265625 0.662109375 0.1015625 0.029296875 
