5 0.40102389078498296 0.6839464882943144 0.10580204778156997 0.1020066889632107 
5 0.5716723549488054 0.6839464882943144 0.10409556313993173 0.1020066889632107 
5 0.7064846416382252 0.6839464882943144 0.10409556313993173 0.1020066889632107 
5 0.984641638225256 0.6822742474916388 0.10580204778156997 0.10535117056856187 
2 0.14505119453924914 0.33444816053511706 0.032423208191126277 0.03678929765886288 
2 0.2098976109215017 0.2709030100334448 0.03583617747440273 0.033444816053511704 
2 0.8208191126279863 0.26755852842809363 0.03754266211604096 0.033444816053511704 
2 0.7559726962457338 0.3311036789297659 0.034129692832764506 0.03511705685618729 
3 0.6945392491467577 0.36454849498327757 0.06825938566552901 0.03678929765886288 
3 0.757679180887372 0.4214046822742475 0.034129692832764506 0.06688963210702341 
3 0.14505119453924914 0.4230769230769231 0.03924914675767918 0.06688963210702341 
3 0.20477815699658702 0.36454849498327757 0.06484641638225255 0.033444816053511704 
5 0.10580204778156997 0.17558528428093645 0.10409556313993173 0.1020066889632107 
5 0.7167235494880546 0.1705685618729097 0.10580204778156997 0.10033444816053512 
4 0.06313993174061433 0.5668896321070234 0.08873720136518772 0.02508361204013378 
