3 0.62890625 0.18359375 0.01953125 0.037109375 
3 0.708984375 0.18359375 0.021484375 0.037109375 
5 0.978515625 0.150390625 0.060546875 0.05859375 
5 0.5625 0.013671875 0.060546875 0.05859375 
5 0.05859375 0.34375 0.05859375 0.05859375 
5 0.138671875 0.556640625 0.060546875 0.060546875 
5 0.2109375 0.5546875 0.060546875 0.0625 
2 0.119140625 0.400390625 0.01953125 0.01953125 
2 0.08203125 0.435546875 0.01953125 0.01953125 
3 0.62890625 0.583984375 0.0234375 0.037109375 
3 0.85546875 0.5546875 0.0234375 0.0390625 
3 0.759765625 0.748046875 0.01953125 0.0390625 
5 0.900390625 0.69140625 0.060546875 0.05859375 
0 0.853515625 0.748046875 0.01953125 0.0390625 
3 0.81640625 0.69921875 0.0390625 0.021484375 
3 0.81640625 0.796875 0.0390625 0.01953125 
3 0.85546875 0.83203125 0.0234375 0.037109375 
5 0.78125 0.984375 0.060546875 0.05859375 
3 0.09375 0.98828125 0.021484375 0.0390625 
4 0.525390625 0.09375 0.015625 0.05078125 
4 0.591796875 0.080078125 0.048828125 0.013671875 
4 0.708984375 0.080078125 0.048828125 0.013671875 
4 0.78515625 0.08203125 0.05078125 0.013671875 
