5 0.31097560975609756 0.04921259842519685 0.07520325203252033 0.07283464566929133 
5 0.4796747967479675 0.17125984251968504 0.07520325203252033 0.07086614173228346 
5 0.5609756097560976 0.16929133858267717 0.07317073170731707 0.07283464566929133 
5 0.6341463414634146 0.10236220472440945 0.07520325203252033 0.07086614173228346 
5 0.08333333333333333 0.5216535433070866 0.07317073170731707 0.07283464566929133 
5 0.23170731707317074 0.8779527559055118 0.07520325203252033 0.07283464566929133 
5 0.7601626016260162 0.5728346456692913 0.07723577235772358 0.07086614173228346 
5 0.9939024390243902 0.6929133858267716 0.07520325203252033 0.07086614173228346 
0 0.15853658536585366 0.7559055118110236 0.036585365853658534 0.01968503937007874 
0 0.15853658536585366 0.5964566929133859 0.032520325203252036 0.021653543307086614 
0 0.6341463414634146 0.25984251968503935 0.034552845528455285 0.021653543307086614 
0 0.42073170731707316 0.047244094488188976 0.022357723577235773 0.03346456692913386 
