5 0.29025844930417494 0.04426559356136821 0.08349900596421471 0.08651911468812877 
5 0.4115308151093439 0.04225352112676056 0.08548707753479125 0.08853118712273642 
5 0.532803180914513 0.04426559356136821 0.0874751491053678 0.08450704225352113 
5 0.6441351888667992 0.04426559356136821 0.08349900596421471 0.08651911468812877 
5 0.7455268389662028 0.04426559356136821 0.0874751491053678 0.08651911468812877 
5 0.8429423459244533 0.04426559356136821 0.0874751491053678 0.08450704225352113 
5 0.39363817097415504 0.44064386317907445 0.08349900596421471 0.08651911468812877 
5 0.13717693836978131 0.8732394366197183 0.08349900596421471 0.08450704225352113 
5 0.27435387673956263 0.8732394366197183 0.08548707753479125 0.08651911468812877 
5 0.38767395626242546 0.8732394366197183 0.08548707753479125 0.08651911468812877 
5 0.6123260437375746 0.8732394366197183 0.0874751491053678 0.08450704225352113 
3 0.37773359840954274 0.6056338028169014 0.05168986083499006 0.030181086519114688 
3 0.4274353876739563 0.6539235412474849 0.02982107355864811 0.05432595573440644 
2 0.4274353876739563 0.5774647887323944 0.02982107355864811 0.030181086519114688 
2 0.47912524850894633 0.5231388329979879 0.02982107355864811 0.028169014084507043 
