5 0.798828125 0.048828125 0.072265625 0.072265625 
5 0.9609375 0.169921875 0.072265625 0.0703125 
5 0.138671875 0.52734375 0.072265625 0.0703125 
5 0.326171875 0.52734375 0.072265625 0.0703125 
5 0.580078125 0.517578125 0.0703125 0.072265625 
5 0.72265625 0.87109375 0.072265625 0.072265625 
0 0.220703125 0.626953125 0.033203125 0.0234375 
0 0.03125 0.697265625 0.033203125 0.017578125 
0 0.65234375 0.75 0.03515625 0.01953125 
0 0.65234375 0.591796875 0.03125 0.021484375 
0 0.904296875 0.046875 0.021484375 0.033203125 
