5 0.09285714285714286 0.29159212880143115 0.15357142857142858 0.1556350626118068 
2 0.8803571428571428 0.01967799642218247 0.05 0.0518783542039356 
2 0.7839285714285714 0.11091234347048301 0.05357142857142857 0.0518783542039356 
3 0.7839285714285714 0.24686940966010734 0.05178571428571429 0.09481216457960644 
3 0.8732142857142857 0.1592128801431127 0.09464285714285714 0.05366726296958855 
4 0.0017857142857142857 0.49552772808586765 0.039285714285714285 0.12343470483005367 
4 0.16785714285714284 0.4597495527728086 0.13214285714285715 0.03398926654740608 
4 0.4732142857142857 0.4597495527728086 0.13035714285714287 0.03398926654740608 
4 0.6660714285714285 0.4597495527728086 0.12857142857142856 0.03398926654740608 
3 0.26607142857142857 0.7209302325581395 0.05 0.09302325581395349 
3 0.4642857142857143 0.7209302325581395 0.05178571428571429 0.09660107334525939 
