5 0.357421875 0.501953125 0.078125 0.078125 
5 0.466796875 0.501953125 0.078125 0.078125 
5 0.578125 0.501953125 0.078125 0.078125 
5 0.6796875 0.501953125 0.076171875 0.078125 
5 0.7734375 0.501953125 0.078125 0.078125 
5 0.861328125 0.50390625 0.076171875 0.07421875 
5 0.451171875 0.859375 0.076171875 0.078125 
2 0.529296875 0.935546875 0.029296875 0.025390625 
2 0.48046875 0.98046875 0.025390625 0.025390625 
2 0.02734375 0.982421875 0.02734375 0.025390625 
2 0.07421875 0.9375 0.025390625 0.025390625 
