5 0.638671875 0.056640625 0.060546875 0.060546875 
5 0.7109375 0.0546875 0.060546875 0.0625 
5 0.474609375 0.052734375 0.060546875 0.05859375 
3 0.4921875 0.48828125 0.0234375 0.0390625 
3 0.59375 0.48828125 0.021484375 0.0390625 
3 0.5546875 0.525390625 0.0390625 0.01953125 
0 0.59375 0.57421875 0.021484375 0.037109375 
5 0.650390625 0.529296875 0.060546875 0.060546875 
3 0.5546875 0.623046875 0.037109375 0.01953125 
3 0.59375 0.658203125 0.021484375 0.037109375 
5 0.693359375 0.794921875 0.060546875 0.05859375 
4 0.349609375 0.123046875 0.052734375 0.013671875 
4 0.77734375 0.857421875 0.013671875 0.048828125 
