5 0.7415730337078652 0.18022328548644337 0.12520064205457465 0.12759170653907495 
2 0.8683788121990369 0.30303030303030304 0.04654895666131621 0.04146730462519936 
2 0.7881219903691814 0.37799043062200954 0.04173354735152488 0.0430622009569378 
3 0.7158908507223114 0.42105263157894735 0.07865168539325842 0.0430622009569378 
3 0.7897271268057785 0.49122807017543857 0.04012841091492777 0.07655502392344497 
5 0.3563402889245586 0.8149920255183413 0.12680577849117175 0.12599681020733652 
5 0.5617977528089888 0.8149920255183413 0.12520064205457465 0.12599681020733652 
5 0.7303370786516854 0.8149920255183413 0.13001605136436598 0.12599681020733652 
3 0.0449438202247191 0.49122807017543857 0.04333868378812199 0.07655502392344497 
2 0.0449438202247191 0.38118022328548645 0.04333868378812199 0.04146730462519936 
3 0.11556982343499198 0.4178628389154705 0.08025682182985554 0.044657097288676235 
2 0.12199036918138041 0.3062200956937799 0.04173354735152488 0.04146730462519936 
