3 0.7911547911547911 0.22760290556900725 0.02457002457002457 0.04600484261501211 
3 0.8918918918918919 0.22760290556900725 0.02702702702702703 0.04600484261501211 
5 0.7076167076167076 0.01694915254237288 0.07616707616707617 0.07263922518159806 
5 0.07371007371007371 0.4261501210653753 0.07371007371007371 0.07263922518159806 
5 0.17444717444717445 0.6900726392251816 0.07616707616707617 0.07506053268765134 
5 0.26535626535626533 0.6876513317191283 0.07616707616707617 0.0774818401937046 
2 0.14987714987714987 0.4963680387409201 0.02457002457002457 0.024213075060532687 
2 0.10319410319410319 0.5399515738498789 0.02457002457002457 0.024213075060532687 
3 0.7911547911547911 0.7239709443099274 0.029484029484029485 0.04600484261501211 
3 0.9557739557739557 0.927360774818402 0.02457002457002457 0.048426150121065374 
4 0.6609336609336609 0.1162227602905569 0.019656019656019656 0.06295399515738499 
4 0.7444717444717445 0.09927360774818401 0.06142506142506143 0.01694915254237288 
4 0.8918918918918919 0.09927360774818401 0.06142506142506143 0.01694915254237288 
4 0.9877149877149877 0.1016949152542373 0.06388206388206388 0.01694915254237288 
