3 0.9619238476953907 0.00823045267489712 0.050100200400801605 0.026748971193415638 
3 0.5711422845691383 0.8189300411522634 0.028056112224448898 0.04938271604938271 
3 0.2725450901803607 0.8559670781893004 0.026052104208416832 0.051440329218107 
3 0.2685370741482966 0.3045267489711934 0.028056112224448898 0.051440329218107 
3 0.374749498997996 0.3045267489711934 0.028056112224448898 0.04938271604938271 
5 0.7354709418837675 0.2613168724279835 0.08016032064128256 0.08024691358024691 
5 0.8637274549098196 0.2613168724279835 0.0781563126252505 0.08024691358024691 
5 0.969939879759519 0.2613168724279835 0.08216432865731463 0.08024691358024691 
5 0.18036072144288579 0.07613168724279835 0.07615230460921844 0.08024691358024691 
3 0.5410821643286573 0.053497942386831275 0.028056112224448898 0.04938271604938271 
3 0.5851703406813628 0.006172839506172839 0.050100200400801605 0.02880658436213992 
4 0.13226452905811623 0.18724279835390947 0.02004008016032064 0.06790123456790123 
4 0.218436873747495 0.16872427983539096 0.06613226452905811 0.01646090534979424 
4 0.37675350701402804 0.16872427983539096 0.06412825651302605 0.01646090534979424 
4 0.4789579158316633 0.16666666666666666 0.06813627254509018 0.01646090534979424 
