5 0.5249169435215947 0.26424870466321243 0.08803986710963455 0.09153713298791019 
5 0.15448504983388706 0.5146804835924007 0.08803986710963455 0.08981001727115717 
5 0.7774086378737541 0.7253886010362695 0.08970099667774087 0.09326424870466321 
5 0.920265780730897 0.7253886010362695 0.08803986710963455 0.09326424870466321 
3 0.5581395348837209 0.48877374784110533 0.02823920265780731 0.05699481865284974 
3 0.6079734219269103 0.43523316062176165 0.05647840531561462 0.031088082901554404 
2 0.5598006644518272 0.4075993091537133 0.02823920265780731 0.02936096718480138 
2 0.6129568106312292 0.35060449050086356 0.029900332225913623 0.031088082901554404 
3 0.2558139534883721 0.7772020725388601 0.03156146179401993 0.05699481865284974 
3 0.37375415282392027 0.7772020725388601 0.029900332225913623 0.05699481865284974 
4 0.10299003322259136 0.6390328151986183 0.02159468438538206 0.07772020725388601 
4 0.19767441860465115 0.616580310880829 0.07308970099667775 0.022452504317789293 
4 0.3754152823920266 0.616580310880829 0.07475083056478406 0.022452504317789293 
4 0.4900332225913621 0.6183074265975821 0.07475083056478406 0.02072538860103627 
