5 0.0933572710951526 0.2884955752212389 0.15439856373429084 0.15398230088495576 
2 0.8850987432675045 0.019469026548672566 0.05026929982046679 0.05132743362831858 
2 0.7881508078994613 0.10973451327433628 0.05385996409335727 0.05132743362831858 
3 0.7881508078994613 0.24424778761061947 0.05206463195691203 0.09380530973451327 
3 0.8779174147217235 0.15752212389380532 0.09515260323159784 0.05309734513274336 
4 0.0017953321364452424 0.4902654867256637 0.03949730700179533 0.12212389380530973 
4 0.1687612208258528 0.45486725663716815 0.13285457809694792 0.033628318584070796 
4 0.4757630161579892 0.45486725663716815 0.1310592459605027 0.033628318584070796 
4 0.6696588868940754 0.45486725663716815 0.12926391382405744 0.033628318584070796 
3 0.26750448833034113 0.7132743362831858 0.05026929982046679 0.0920353982300885 
3 0.466786355475763 0.7132743362831858 0.05206463195691203 0.09557522123893805 
