3 0.17010309278350516 0.1122715404699739 0.030927835051546393 0.04960835509138381 
3 0.4690721649484536 0.0731070496083551 0.030927835051546393 0.05221932114882506 
3 0.3427835051546392 0.33159268929503916 0.02577319587628866 0.05221932114882506 
5 0.5283505154639175 0.2558746736292428 0.07989690721649484 0.0783289817232376 
0 0.46649484536082475 0.33159268929503916 0.02577319587628866 0.05221932114882506 
3 0.4175257731958763 0.26631853785900783 0.05154639175257732 0.028720626631853787 
3 0.4175257731958763 0.3968668407310705 0.05154639175257732 0.02610966057441253 
3 0.4690721649484536 0.44386422976501305 0.030927835051546393 0.04960835509138381 
5 0.3711340206185567 0.6475195822454308 0.07989690721649484 0.0783289817232376 
4 0.4484536082474227 0.7310704960835509 0.06958762886597938 0.018276762402088774 
