5 0.7396021699819169 0.04734848484848485 0.06690777576853527 0.07007575757575757 
5 0.8896925858951176 0.16477272727272727 0.06690777576853527 0.06818181818181818 
5 0.9620253164556962 0.16287878787878787 0.0650994575045208 0.07007575757575757 
5 0.12839059674502712 0.5113636363636364 0.06690777576853527 0.06818181818181818 
5 0.30198915009041594 0.5113636363636364 0.06690777576853527 0.06818181818181818 
5 0.5370705244122965 0.5018939393939394 0.0650994575045208 0.07007575757575757 
5 0.6690777576853526 0.8446969696969697 0.06690777576853527 0.07007575757575757 
0 0.20433996383363473 0.6079545454545454 0.03074141048824593 0.022727272727272728 
0 0.028933092224231464 0.6761363636363636 0.03074141048824593 0.017045454545454544 
0 0.6039783001808319 0.7272727272727273 0.0325497287522604 0.01893939393939394 
0 0.6039783001808319 0.5738636363636364 0.028933092224231464 0.020833333333333332 
0 0.8372513562386981 0.045454545454545456 0.019891500904159132 0.032196969696969696 
