5 0.021702838063439065 0.8663282571912013 0.0667779632721202 0.0676818950930626 
2 0.08681135225375626 0.9289340101522843 0.02337228714524207 0.02030456852791878 
2 0.045075125208681135 0.9695431472081218 0.02337228714524207 0.021996615905245348 
3 0.6510851419031719 0.6835871404399323 0.02337228714524207 0.04230118443316413 
3 0.7395659432387313 0.6835871404399323 0.02337228714524207 0.04060913705583756 
5 0.8530884808013356 0.3147208121827411 0.0651085141903172 0.0676818950930626 
5 0.5776293823038398 0.4957698815566836 0.06343906510851419 0.06598984771573604 
3 0.8781302170283807 0.47715736040609136 0.02337228714524207 0.04060913705583756 
2 0.8781302170283807 0.4179357021996616 0.02337228714524207 0.021996615905245348 
3 0.9148580968280468 0.43824027072758037 0.041736227045075125 0.023688663282571912 
2 0.9181969949916527 0.3790186125211506 0.021702838063439065 0.021996615905245348 
4 0.5375626043405676 0.5871404399323181 0.01669449081803005 0.05583756345177665 
4 0.6093489148580968 0.571912013536379 0.05509181969949917 0.01353637901861252 
4 0.7412353923205343 0.571912013536379 0.05342237061769616 0.01353637901861252 
4 0.8263772954924875 0.5702199661590525 0.05676126878130217 0.01353637901861252 
