5 0.298828125 0.048828125 0.072265625 0.072265625 
5 0.4609375 0.169921875 0.072265625 0.0703125 
5 0.5390625 0.16796875 0.0703125 0.072265625 
5 0.609375 0.1015625 0.072265625 0.0703125 
5 0.080078125 0.517578125 0.0703125 0.072265625 
5 0.22265625 0.87109375 0.072265625 0.072265625 
5 0.73046875 0.568359375 0.07421875 0.0703125 
5 0.955078125 0.6875 0.072265625 0.0703125 
0 0.15234375 0.75 0.03515625 0.01953125 
0 0.15234375 0.591796875 0.03125 0.021484375 
0 0.609375 0.2578125 0.033203125 0.021484375 
0 0.404296875 0.046875 0.021484375 0.033203125 
0 0.96484375 0.044921875 0.03125 0.021484375 
