5 0.05496828752642706 0.18120805369127516 0.09090909090909091 0.09843400447427293 
5 0.6871035940803383 0.3982102908277405 0.08879492600422834 0.09395973154362416 
5 0.8329809725158562 0.3982102908277405 0.09090909090909091 0.09619686800894854 
5 0.9534883720930233 0.3982102908277405 0.09090909090909091 0.09619686800894854 
2 0.5221987315010571 0.011185682326621925 0.02959830866807611 0.03355704697986577 
2 0.46511627906976744 0.06935123042505593 0.03171247357293869 0.03355704697986577 
3 0.46511627906976744 0.15436241610738255 0.03171247357293869 0.06040268456375839 
3 0.5179704016913319 0.10067114093959731 0.05708245243128964 0.03355704697986577 
3 0.9429175475687104 0.10067114093959731 0.05496828752642706 0.03355704697986577 
3 0.9957716701902748 0.15436241610738255 0.03171247357293869 0.06040268456375839 
2 0.9957716701902748 0.06935123042505593 0.03171247357293869 0.03355704697986577 
4 0.0021141649048625794 0.3087248322147651 0.023255813953488372 0.07829977628635347 
4 0.09936575052854123 0.28635346756152125 0.07822410147991543 0.02237136465324385 
4 0.27906976744186046 0.28859060402684567 0.07822410147991543 0.02237136465324385 
4 0.3953488372093023 0.28859060402684567 0.07610993657505286 0.02237136465324385 
3 0.15856236786469344 0.4519015659955257 0.02959830866807611 0.058165548098434 
3 0.2748414376321353 0.4519015659955257 0.03171247357293869 0.06040268456375839 
