5 0.684654300168634 0.32517482517482516 0.1467116357504216 0.1520979020979021 
5 0.08768971332209106 0.7325174825174825 0.14502529510961215 0.1520979020979021 
2 0.8313659359190556 0.46678321678321677 0.047217537942664416 0.050699300699300696 
2 0.7403035413153457 0.5559440559440559 0.050590219224283306 0.050699300699300696 
3 0.7403035413153457 0.6888111888111889 0.048903878583473864 0.09265734265734266 
3 0.8246205733558178 0.6031468531468531 0.0893760539629005 0.05244755244755245 
4 0.0016863406408094434 0.9318181818181818 0.03709949409780776 0.12062937062937062 
4 0.15851602023608768 0.8968531468531469 0.12478920741989882 0.033216783216783216 
4 0.4468802698145025 0.8968531468531469 0.12310286677908938 0.033216783216783216 
4 0.6290050590219224 0.8968531468531469 0.12141652613827993 0.033216783216783216 
