3 0.9375 0.0078125 0.048828125 0.025390625 
3 0.98046875 0.05078125 0.025390625 0.046875 
5 0.615234375 0.951171875 0.078125 0.078125 
3 0.505859375 0.9609375 0.048828125 0.025390625 
3 0.556640625 0.77734375 0.02734375 0.046875 
3 0.265625 0.8125 0.025390625 0.048828125 
3 0.26171875 0.2890625 0.02734375 0.048828125 
3 0.365234375 0.2890625 0.02734375 0.046875 
5 0.716796875 0.248046875 0.078125 0.076171875 
5 0.841796875 0.248046875 0.076171875 0.076171875 
5 0.9453125 0.248046875 0.080078125 0.076171875 
5 0.17578125 0.072265625 0.07421875 0.076171875 
3 0.52734375 0.05078125 0.02734375 0.046875 
3 0.5703125 0.005859375 0.048828125 0.02734375 
4 0.12890625 0.177734375 0.01953125 0.064453125 
4 0.212890625 0.16015625 0.064453125 0.015625 
4 0.3671875 0.16015625 0.0625 0.015625 
4 0.466796875 0.158203125 0.06640625 0.015625 
