5 0.481216457960644 0.6127272727272727 0.07692307692307693 0.07818181818181819 
2 0.8765652951699463 0.47454545454545455 0.026833631484794274 0.025454545454545455 
2 0.8282647584973166 0.5236363636363637 0.026833631484794274 0.025454545454545455 
2 0.8282647584973166 0.5909090909090909 0.026833631484794274 0.04909090909090909 
3 0.5670840787119857 0.8345454545454546 0.026833631484794274 0.04909090909090909 
3 0.669051878354204 0.8345454545454546 0.026833631484794274 0.04909090909090909 
4 0.4347048300536673 0.7163636363636363 0.017889087656529516 0.06545454545454546 
4 0.518783542039356 0.7 0.06440071556350627 0.01818181818181818 
4 0.669051878354204 0.7 0.06618962432915922 0.01818181818181818 
4 0.7674418604651163 0.7 0.06618962432915922 0.01818181818181818 
