5 0.3684210526315789 0.7659176029962547 0.1267056530214425 0.11797752808988764 
5 0.08382066276803118 0.9569288389513109 0.12280701754385964 0.11797752808988764 
2 0.21637426900584794 0.6554307116104869 0.04678362573099415 0.04119850187265917 
2 0.15984405458089668 0.3052434456928839 0.04678362573099415 0.03932584269662921 
5 0.017543859649122806 0.05805243445692884 0.12475633528265107 0.1198501872659176 
5 0.3898635477582846 0.13108614232209737 0.12280701754385964 0.1198501872659176 
5 0.8265107212475633 0.13108614232209737 0.12475633528265107 0.1198501872659176 
2 0.9454191033138402 0.30337078651685395 0.04483430799220273 0.04119850187265917 
5 0.7485380116959064 0.9588014981273408 0.12475633528265107 0.11797752808988764 
5 0.8674463937621832 0.9588014981273408 0.12475633528265107 0.11797752808988764 
