0 0.0859375 0.0859375 0.05078125 0.0390625 
0 0.24609375 0.0859375 0.052734375 0.0390625 
0 0.40625 0.0859375 0.05078125 0.0390625 
0 0.572265625 0.087890625 0.052734375 0.041015625 
0 0.740234375 0.0859375 0.052734375 0.037109375 
0 0.87890625 0.07421875 0.03125 0.0390625 
3 0.0859375 0.2734375 0.05078125 0.041015625 
3 0.224609375 0.2734375 0.05078125 0.0390625 
3 0.365234375 0.2734375 0.05078125 0.0390625 
3 0.513671875 0.2734375 0.05078125 0.0390625 
3 0.0859375 0.458984375 0.05078125 0.041015625 
6 0.22265625 0.4609375 0.0546875 0.041015625 
3 0.36328125 0.4609375 0.05078125 0.041015625 
